8192
8195
8198
8201
8204
8207
8210
8213
8217
8220
8223
8226
8229
8232
8235
8239
8242
8245
8248
8251
8254
8257
8261
8264
8267
8270
8273
8276
8279
8283
8286
8289
8292
8295
8298
8301
8305
8308
8311
8314
8317
8320
8323
8327
8330
8333
8336
8339
8342
8345
8349
8352
8355
8358
8361
8364
8367
8371
8374
8377
8380
8383
8386
8389
8393
8396
8399
8402
8405
8408
8411
8415
8418
8421
8424
8427
8430
8433
8437
8440
8443
8446
8449
8452
8455
8459
8462
8465
8468
8471
8474
8477
8480
8484
8487
8490
8493
8496
8499
8502
8506
8509
8512
8515
8518
8521
8524
8528
8531
8534
8537
8540
8543
8546
8550
8553
8556
8559
8562
8565
8568
8572
8575
8578
8581
8584
8587
8590
8593
8597
8600
8603
8606
8609
8612
8615
8619
8622
8625
8628
8631
8634
8637
8641
8644
8647
8650
8653
8656
8659
8663
8666
8669
8672
8675
8678
8681
8684
8688
8691
8694
8697
8700
8703
8706
8710
8713
8716
8719
8722
8725
8728
8731
8735
8738
8741
8744
8747
8750
8753
8757
8760
8763
8766
8769
8772
8775
8779
8782
8785
8788
8791
8794
8797
8800
8804
8807
8810
8813
8816
8819
8822
8826
8829
8832
8835
8838
8841
8844
8847
8851
8854
8857
8860
8863
8866
8869
8872
8876
8879
8882
8885
8888
8891
8894
8898
8901
8904
8907
8910
8913
8916
8919
8923
8926
8929
8932
8935
8938
8941
8944
8948
8951
8954
8957
8960
8963
8966
8969
8973
8976
8979
8982
8985
8988
8991
8995
8998
9001
9004
9007
9010
9013
9016
9020
9023
9026
9029
9032
9035
9038
9041
9045
9048
9051
9054
9057
9060
9063
9066
9070
9073
9076
9079
9082
9085
9088
9091
9094
9098
9101
9104
9107
9110
9113
9116
9119
9123
9126
9129
9132
9135
9138
9141
9144
9148
9151
9154
9157
9160
9163
9166
9169
9173
9176
9179
9182
9185
9188
9191
9194
9197
9201
9204
9207
9210
9213
9216
9219
9222
9226
9229
9232
9235
9238
9241
9244
9247
9250
9254
9257
9260
9263
9266
9269
9272
9275
9278
9282
9285
9288
9291
9294
9297
9300
9303
9307
9310
9313
9316
9319
9322
9325
9328
9331
9335
9338
9341
9344
9347
9350
9353
9356
9359
9363
9366
9369
9372
9375
9378
9381
9384
9387
9390
9394
9397
9400
9403
9406
9409
9412
9415
9418
9422
9425
9428
9431
9434
9437
9440
9443
9446
9449
9453
9456
9459
9462
9465
9468
9471
9474
9477
9481
9484
9487
9490
9493
9496
9499
9502
9505
9508
9512
9515
9518
9521
9524
9527
9530
9533
9536
9539
9543
9546
9549
9552
9555
9558
9561
9564
9567
9570
9574
9577
9580
9583
9586
9589
9592
9595
9598
9601
9604
9608
9611
9614
9617
9620
9623
9626
9629
9632
9635
9639
9642
9645
9648
9651
9654
9657
9660
9663
9666
9669
9673
9676
9679
9682
9685
9688
9691
9694
9697
9700
9703
9706
9710
9713
9716
9719
9722
9725
9728
9731
9734
9737
9740
9744
9747
9750
9753
9756
9759
9762
9765
9768
9771
9774
9777
9781
9784
9787
9790
9793
9796
9799
9802
9805
9808
9811
9814
9817
9821
9824
9827
9830
9833
9836
9839
9842
9845
9848
9851
9854
9858
9861
9864
9867
9870
9873
9876
9879
9882
9885
9888
9891
9894
9897
9901
9904
9907
9910
9913
9916
9919
9922
9925
9928
9931
9934
9937
9940
9944
9947
9950
9953
9956
9959
9962
9965
9968
9971
9974
9977
9980
9983
9986
9990
9993
9996
9999
10002
10005
10008
10011
10014
10017
10020
10023
10026
10029
10032
10035
10039
10042
10045
10048
10051
10054
10057
10060
10063
10066
10069
10072
10075
10078
10081
10084
10087
10091
10094
10097
10100
10103
10106
10109
10112
10115
10118
10121
10124
10127
10130
10133
10136
10139
10142
10146
10149
10152
10155
10158
10161
10164
10167
10170
10173
10176
10179
10182
10185
10188
10191
10194
10197
10200
10203
10206
10210
10213
10216
10219
10222
10225
10228
10231
10234
10237
10240
10243
10246
10249
10252
10255
10258
10261
10264
10267
10270
10273
10276
10279
10283
10286
10289
10292
10295
10298
10301
10304
10307
10310
10313
10316
10319
10322
10325
10328
10331
10334
10337
10340
10343
10346
10349
10352
10355
10358
10361
10364
10367
10370
10374
10377
10380
10383
10386
10389
10392
10395
10398
10401
10404
10407
10410
10413
10416
10419
10422
10425
10428
10431
10434
10437
10440
10443
10446
10449
10452
10455
10458
10461
10464
10467
10470
10473
10476
10479
10482
10485
10488
10491
10494
10497
10500
10503
10506
10509
10512
10515
10518
10522
10525
10528
10531
10534
10537
10540
10543
10546
10549
10552
10555
10558
10561
10564
10567
10570
10573
10576
10579
10582
10585
10588
10591
10594
10597
10600
10603
10606
10609
10612
10615
10618
10621
10624
10627
10630
10633
10636
10639
10642
10645
10648
10651
10654
10657
10660
10663
10666
10669
10672
10675
10678
10681
10684
10687
10690
10693
10696
10699
10702
10705
10708
10711
10714
10717
10720
10723
10726
10728
10731
10734
10737
10740
10743
10746
10749
10752
10755
10758
10761
10764
10767
10770
10773
10776
10779
10782
10785
10788
10791
10794
10797
10800
10803
10806
10809
10812
10815
10818
10821
10824
10827
10830
10833
10836
10839
10842
10845
10848
10851
10854
10857
10860
10863
10866
10868
10871
10874
10877
10880
10883
10886
10889
10892
10895
10898
10901
10904
10907
10910
10913
10916
10919
10922
10925
10928
10931
10934
10937
10940
10943
10946
10949
10951
10954
10957
10960
10963
10966
10969
10972
10975
10978
10981
10984
10987
10990
10993
10996
10999
11002
11005
11008
11011
11013
11016
11019
11022
11025
11028
11031
11034
11037
11040
11043
11046
11049
11052
11055
11058
11061
11064
11067
11069
11072
11075
11078
11081
11084
11087
11090
11093
11096
11099
11102
11105
11108
11111
11114
11116
11119
11122
11125
11128
11131
11134
11137
11140
11143
11146
11149
11152
11155
11158
11160
11163
11166
11169
11172
11175
11178
11181
11184
11187
11190
11193
11196
11198
11201
11204
11207
11210
11213
11216
11219
11222
11225
11228
11231
11234
11236
11239
11242
11245
11248
11251
11254
11257
11260
11263
11266
11268
11271
11274
11277
11280
11283
11286
11289
11292
11295
11298
11300
11303
11306
11309
11312
11315
11318
11321
11324
11327
11330
11332
11335
11338
11341
11344
11347
11350
11353
11356
11359
11361
11364
11367
11370
11373
11376
11379
11382
11385
11387
11390
11393
11396
11399
11402
11405
11408
11411
11413
11416
11419
11422
11425
11428
11431
11434
11437
11439
11442
11445
11448
11451
11454
11457
11460
11463
11465
11468
11471
11474
11477
11480
11483
11486
11488
11491
11494
11497
11500
11503
11506
11509
11511
11514
11517
11520
11523
11526
11529
11532
11534
11537
11540
11543
11546
11549
11552
11554
11557
11560
11563
11566
11569
11572
11574
11577
11580
11583
11586
11589
11592
11595
11597
11600
11603
11606
11609
11612
11615
11617
11620
11623
11626
11629
11632
11634
11637
11640
11643
11646
11649
11652
11654
11657
11660
11663
11666
11669
11671
11674
11677
11680
11683
11686
11689
11691
11694
11697
11700
11703
11706
11708
11711
11714
11717
11720
11723
11725
11728
11731
11734
11737
11740
11742
11745
11748
11751
11754
11757
11759
11762
11765
11768
11771
11774
11776
11779
11782
11785
11788
11790
11793
11796
11799
11802
11805
11807
11810
11813
11816
11819
11822
11824
11827
11830
11833
11836
11838
11841
11844
11847
11850
11852
11855
11858
11861
11864
11867
11869
11872
11875
11878
11881
11883
11886
11889
11892
11895
11897
11900
11903
11906
11909
11911
11914
11917
11920
11923
11925
11928
11931
11934
11937
11939
11942
11945
11948
11950
11953
11956
11959
11962
11964
11967
11970
11973
11976
11978
11981
11984
11987
11990
11992
11995
11998
12001
12003
12006
12009
12012
12015
12017
12020
12023
12026
12028
12031
12034
12037
12040
12042
12045
12048
12051
12053
12056
12059
12062
12064
12067
12070
12073
12076
12078
12081
12084
12087
12089
12092
12095
12098
12100
12103
12106
12109
12111
12114
12117
12120
12122
12125
12128
12131
12134
12136
12139
12142
12145
12147
12150
12153
12156
12158
12161
12164
12167
12169
12172
12175
12178
12180
12183
12186
12188
12191
12194
12197
12199
12202
12205
12208
12210
12213
12216
12219
12221
12224
12227
12230
12232
12235
12238
12240
12243
12246
12249
12251
12254
12257
12260
12262
12265
12268
12270
12273
12276
12279
12281
12284
12287
12290
12292
12295
12298
12300
12303
12306
12309
12311
12314
12317
12319
12322
12325
12328
12330
12333
12336
12338
12341
12344
12347
12349
12352
12355
12357
12360
12363
12365
12368
12371
12374
12376
12379
12382
12384
12387
12390
12392
12395
12398
12401
12403
12406
12409
12411
12414
12417
12419
12422
12425
12427
12430
12433
12436
12438
12441
12444
12446
12449
12452
12454
12457
12460
12462
12465
12468
12470
12473
12476
12478
12481
12484
12486
12489
12492
12495
12497
12500
12503
12505
12508
12511
12513
12516
12519
12521
12524
12527
12529
12532
12535
12537
12540
12543
12545
12548
12551
12553
12556
12559
12561
12564
12566
12569
12572
12574
12577
12580
12582
12585
12588
12590
12593
12596
12598
12601
12604
12606
12609
12612
12614
12617
12619
12622
12625
12627
12630
12633
12635
12638
12641
12643
12646
12649
12651
12654
12656
12659
12662
12664
12667
12670
12672
12675
12677
12680
12683
12685
12688
12691
12693
12696
12698
12701
12704
12706
12709
12712
12714
12717
12719
12722
12725
12727
12730
12733
12735
12738
12740
12743
12746
12748
12751
12753
12756
12759
12761
12764
12766
12769
12772
12774
12777
12779
12782
12785
12787
12790
12792
12795
12798
12800
12803
12805
12808
12811
12813
12816
12818
12821
12824
12826
12829
12831
12834
12837
12839
12842
12844
12847
12850
12852
12855
12857
12860
12862
12865
12868
12870
12873
12875
12878
12880
12883
12886
12888
12891
12893
12896
12898
12901
12904
12906
12909
12911
12914
12916
12919
12922
12924
12927
12929
12932
12934
12937
12940
12942
12945
12947
12950
12952
12955
12957
12960
12963
12965
12968
12970
12973
12975
12978
12980
12983
12986
12988
12991
12993
12996
12998
13001
13003
13006
13008
13011
13013
13016
13019
13021
13024
13026
13029
13031
13034
13036
13039
13041
13044
13046
13049
13052
13054
13057
13059
13062
13064
13067
13069
13072
13074
13077
13079
13082
13084
13087
13089
13092
13094
13097
13099
13102
13104
13107
13109
13112
13115
13117
13120
13122
13125
13127
13130
13132
13135
13137
13140
13142
13145
13147
13150
13152
13155
13157
13160
13162
13165
13167
13170
13172
13175
13177
13180
13182
13185
13187
13190
13192
13195
13197
13199
13202
13204
13207
13209
13212
13214
13217
13219
13222
13224
13227
13229
13232
13234
13237
13239
13242
13244
13247
13249
13252
13254
13256
13259
13261
13264
13266
13269
13271
13274
13276
13279
13281
13284
13286
13289
13291
13293
13296
13298
13301
13303
13306
13308
13311
13313
13316
13318
13320
13323
13325
13328
13330
13333
13335
13338
13340
13342
13345
13347
13350
13352
13355
13357
13360
13362
13364
13367
13369
13372
13374
13377
13379
13381
13384
13386
13389
13391
13394
13396
13398
13401
13403
13406
13408
13411
13413
13415
13418
13420
13423
13425
13427
13430
13432
13435
13437
13440
13442
13444
13447
13449
13452
13454
13456
13459
13461
13464
13466
13468
13471
13473
13476
13478
13480
13483
13485
13488
13490
13492
13495
13497
13500
13502
13504
13507
13509
13512
13514
13516
13519
13521
13524
13526
13528
13531
13533
13535
13538
13540
13543
13545
13547
13550
13552
13554
13557
13559
13562
13564
13566
13569
13571
13573
13576
13578
13581
13583
13585
13588
13590
13592
13595
13597
13599
13602
13604
13607
13609
13611
13614
13616
13618
13621
13623
13625
13628
13630
13632
13635
13637
13639
13642
13644
13646
13649
13651
13653
13656
13658
13661
13663
13665
13668
13670
13672
13675
13677
13679
13682
13684
13686
13689
13691
13693
13696
13698
13700
13702
13705
13707
13709
13712
13714
13716
13719
13721
13723
13726
13728
13730
13733
13735
13737
13740
13742
13744
13747
13749
13751
13753
13756
13758
13760
13763
13765
13767
13770
13772
13774
13776
13779
13781
13783
13786
13788
13790
13793
13795
13797
13799
13802
13804
13806
13809
13811
13813
13815
13818
13820
13822
13825
13827
13829
13831
13834
13836
13838
13840
13843
13845
13847
13850
13852
13854
13856
13859
13861
13863
13865
13868
13870
13872
13875
13877
13879
13881
13884
13886
13888
13890
13893
13895
13897
13899
13902
13904
13906
13908
13911
13913
13915
13917
13920
13922
13924
13926
13929
13931
13933
13935
13938
13940
13942
13944
13947
13949
13951
13953
13955
13958
13960
13962
13964
13967
13969
13971
13973
13976
13978
13980
13982
13984
13987
13989
13991
13993
13995
13998
14000
14002
14004
14007
14009
14011
14013
14015
14018
14020
14022
14024
14026
14029
14031
14033
14035
14037
14040
14042
14044
14046
14048
14051
14053
14055
14057
14059
14062
14064
14066
14068
14070
14073
14075
14077
14079
14081
14083
14086
14088
14090
14092
14094
14097
14099
14101
14103
14105
14107
14110
14112
14114
14116
14118
14120
14123
14125
14127
14129
14131
14133
14136
14138
14140
14142
14144
14146
14149
14151
14153
14155
14157
14159
14162
14164
14166
14168
14170
14172
14174
14177
14179
14181
14183
14185
14187
14189
14192
14194
14196
14198
14200
14202
14204
14206
14209
14211
14213
14215
14217
14219
14221
14224
14226
14228
14230
14232
14234
14236
14238
14241
14243
14245
14247
14249
14251
14253
14255
14257
14260
14262
14264
14266
14268
14270
14272
14274
14276
14279
14281
14283
14285
14287
14289
14291
14293
14295
14297
14299
14302
14304
14306
14308
14310
14312
14314
14316
14318
14320
14322
14325
14327
14329
14331
14333
14335
14337
14339
14341
14343
14345
14347
14349
14352
14354
14356
14358
14360
14362
14364
14366
14368
14370
14372
14374
14376
14378
14380
14383
14385
14387
14389
14391
14393
14395
14397
14399
14401
14403
14405
14407
14409
14411
14413
14415
14417
14419
14421
14423
14426
14428
14430
14432
14434
14436
14438
14440
14442
14444
14446
14448
14450
14452
14454
14456
14458
14460
14462
14464
14466
14468
14470
14472
14474
14476
14478
14480
14482
14484
14486
14488
14490
14492
14494
14496
14498
14500
14502
14504
14506
14508
14510
14512
14514
14516
14518
14520
14522
14524
14526
14528
14530
14532
14534
14536
14538
14540
14542
14544
14546
14548
14550
14552
14554
14556
14558
14560
14562
14564
14566
14568
14570
14572
14574
14576
14578
14580
14582
14584
14586
14588
14590
14592
14593
14595
14597
14599
14601
14603
14605
14607
14609
14611
14613
14615
14617
14619
14621
14623
14625
14627
14629
14631
14632
14634
14636
14638
14640
14642
14644
14646
14648
14650
14652
14654
14656
14658
14660
14661
14663
14665
14667
14669
14671
14673
14675
14677
14679
14681
14683
14685
14686
14688
14690
14692
14694
14696
14698
14700
14702
14704
14706
14707
14709
14711
14713
14715
14717
14719
14721
14723
14725
14726
14728
14730
14732
14734
14736
14738
14740
14742
14743
14745
14747
14749
14751
14753
14755
14757
14759
14760
14762
14764
14766
14768
14770
14772
14774
14775
14777
14779
14781
14783
14785
14787
14788
14790
14792
14794
14796
14798
14800
14801
14803
14805
14807
14809
14811
14813
14814
14816
14818
14820
14822
14824
14826
14827
14829
14831
14833
14835
14837
14838
14840
14842
14844
14846
14848
14849
14851
14853
14855
14857
14859
14860
14862
14864
14866
14868
14869
14871
14873
14875
14877
14879
14880
14882
14884
14886
14888
14889
14891
14893
14895
14897
14898
14900
14902
14904
14906
14907
14909
14911
14913
14915
14916
14918
14920
14922
14924
14925
14927
14929
14931
14933
14934
14936
14938
14940
14941
14943
14945
14947
14949
14950
14952
14954
14956
14957
14959
14961
14963
14965
14966
14968
14970
14972
14973
14975
14977
14979
14980
14982
14984
14986
14987
14989
14991
14993
14994
14996
14998
15000
15001
15003
15005
15007
15008
15010
15012
15014
15015
15017
15019
15021
15022
15024
15026
15028
15029
15031
15033
15034
15036
15038
15040
15041
15043
15045
15046
15048
15050
15052
15053
15055
15057
15059
15060
15062
15064
15065
15067
15069
15070
15072
15074
15076
15077
15079
15081
15082
15084
15086
15087
15089
15091
15093
15094
15096
15098
15099
15101
15103
15104
15106
15108
15109
15111
15113
15114
15116
15118
15120
15121
15123
15125
15126
15128
15130
15131
15133
15135
15136
15138
15140
15141
15143
15145
15146
15148
15150
15151
15153
15155
15156
15158
15159
15161
15163
15164
15166
15168
15169
15171
15173
15174
15176
15178
15179
15181
15182
15184
15186
15187
15189
15191
15192
15194
15196
15197
15199
15200
15202
15204
15205
15207
15209
15210
15212
15213
15215
15217
15218
15220
15222
15223
15225
15226
15228
15230
15231
15233
15234
15236
15238
15239
15241
15242
15244
15246
15247
15249
15250
15252
15254
15255
15257
15258
15260
15262
15263
15265
15266
15268
15269
15271
15273
15274
15276
15277
15279
15280
15282
15284
15285
15287
15288
15290
15291
15293
15295
15296
15298
15299
15301
15302
15304
15306
15307
15309
15310
15312
15313
15315
15316
15318
15320
15321
15323
15324
15326
15327
15329
15330
15332
15333
15335
15336
15338
15340
15341
15343
15344
15346
15347
15349
15350
15352
15353
15355
15356
15358
15359
15361
15362
15364
15365
15367
15369
15370
15372
15373
15375
15376
15378
15379
15381
15382
15384
15385
15387
15388
15390
15391
15393
15394
15396
15397
15399
15400
15402
15403
15405
15406
15408
15409
15411
15412
15413
15415
15416
15418
15419
15421
15422
15424
15425
15427
15428
15430
15431
15433
15434
15436
15437
15439
15440
15441
15443
15444
15446
15447
15449
15450
15452
15453
15455
15456
15457
15459
15460
15462
15463
15465
15466
15468
15469
15471
15472
15473
15475
15476
15478
15479
15481
15482
15483
15485
15486
15488
15489
15491
15492
15493
15495
15496
15498
15499
15501
15502
15503
15505
15506
15508
15509
15510
15512
15513
15515
15516
15517
15519
15520
15522
15523
15525
15526
15527
15529
15530
15532
15533
15534
15536
15537
15538
15540
15541
15543
15544
15545
15547
15548
15550
15551
15552
15554
15555
15556
15558
15559
15561
15562
15563
15565
15566
15567
15569
15570
15572
15573
15574
15576
15577
15578
15580
15581
15582
15584
15585
15586
15588
15589
15590
15592
15593
15595
15596
15597
15599
15600
15601
15603
15604
15605
15607
15608
15609
15611
15612
15613
15615
15616
15617
15619
15620
15621
15623
15624
15625
15627
15628
15629
15630
15632
15633
15634
15636
15637
15638
15640
15641
15642
15644
15645
15646
15647
15649
15650
15651
15653
15654
15655
15657
15658
15659
15660
15662
15663
15664
15666
15667
15668
15669
15671
15672
15673
15675
15676
15677
15678
15680
15681
15682
15683
15685
15686
15687
15689
15690
15691
15692
15694
15695
15696
15697
15699
15700
15701
15702
15704
15705
15706
15707
15709
15710
15711
15712
15714
15715
15716
15717
15719
15720
15721
15722
15724
15725
15726
15727
15729
15730
15731
15732
15733
15735
15736
15737
15738
15740
15741
15742
15743
15744
15746
15747
15748
15749
15750
15752
15753
15754
15755
15757
15758
15759
15760
15761
15763
15764
15765
15766
15767
15769
15770
15771
15772
15773
15774
15776
15777
15778
15779
15780
15782
15783
15784
15785
15786
15788
15789
15790
15791
15792
15793
15795
15796
15797
15798
15799
15800
15802
15803
15804
15805
15806
15807
15808
15810
15811
15812
15813
15814
15815
15817
15818
15819
15820
15821
15822
15823
15825
15826
15827
15828
15829
15830
15831
15833
15834
15835
15836
15837
15838
15839
15840
15842
15843
15844
15845
15846
15847
15848
15849
15851
15852
15853
15854
15855
15856
15857
15858
15859
15860
15862
15863
15864
15865
15866
15867
15868
15869
15870
15871
15873
15874
15875
15876
15877
15878
15879
15880
15881
15882
15883
15885
15886
15887
15888
15889
15890
15891
15892
15893
15894
15895
15896
15897
15898
15900
15901
15902
15903
15904
15905
15906
15907
15908
15909
15910
15911
15912
15913
15914
15915
15916
15917
15918
15920
15921
15922
15923
15924
15925
15926
15927
15928
15929
15930
15931
15932
15933
15934
15935
15936
15937
15938
15939
15940
15941
15942
15943
15944
15945
15946
15947
15948
15949
15950
15951
15952
15953
15954
15955
15956
15957
15958
15959
15960
15961
15962
15963
15964
15965
15966
15967
15968
15969
15970
15971
15972
15973
15974
15975
15976
15977
15978
15979
15980
15981
15982
15983
15984
15985
15986
15987
15988
15989
15990
15991
15992
15993
15994
15995
15995
15996
15997
15998
15999
16000
16001
16002
16003
16004
16005
16006
16007
16008
16009
16010
16011
16012
16012
16013
16014
16015
16016
16017
16018
16019
16020
16021
16022
16023
16024
16025
16025
16026
16027
16028
16029
16030
16031
16032
16033
16034
16035
16035
16036
16037
16038
16039
16040
16041
16042
16043
16044
16044
16045
16046
16047
16048
16049
16050
16051
16052
16052
16053
16054
16055
16056
16057
16058
16059
16060
16060
16061
16062
16063
16064
16065
16066
16066
16067
16068
16069
16070
16071
16072
16073
16073
16074
16075
16076
16077
16078
16078
16079
16080
16081
16082
16083
16084
16084
16085
16086
16087
16088
16089
16089
16090
16091
16092
16093
16094
16094
16095
16096
16097
16098
16099
16099
16100
16101
16102
16103
16103
16104
16105
16106
16107
16108
16108
16109
16110
16111
16112
16112
16113
16114
16115
16116
16116
16117
16118
16119
16120
16120
16121
16122
16123
16123
16124
16125
16126
16127
16127
16128
16129
16130
16130
16131
16132
16133
16134
16134
16135
16136
16137
16137
16138
16139
16140
16140
16141
16142
16143
16143
16144
16145
16146
16146
16147
16148
16149
16149
16150
16151
16152
16152
16153
16154
16155
16155
16156
16157
16158
16158
16159
16160
16161
16161
16162
16163
16163
16164
16165
16166
16166
16167
16168
16168
16169
16170
16171
16171
16172
16173
16173
16174
16175
16176
16176
16177
16178
16178
16179
16180
16180
16181
16182
16183
16183
16184
16185
16185
16186
16187
16187
16188
16189
16189
16190
16191
16191
16192
16193
16193
16194
16195
16195
16196
16197
16197
16198
16199
16199
16200
16201
16201
16202
16203
16203
16204
16205
16205
16206
16207
16207
16208
16209
16209
16210
16211
16211
16212
16212
16213
16214
16214
16215
16216
16216
16217
16218
16218
16219
16219
16220
16221
16221
16222
16223
16223
16224
16224
16225
16226
16226
16227
16227
16228
16229
16229
16230
16230
16231
16232
16232
16233
16233
16234
16235
16235
16236
16236
16237
16238
16238
16239
16239
16240
16241
16241
16242
16242
16243
16243
16244
16245
16245
16246
16246
16247
16248
16248
16249
16249
16250
16250
16251
16251
16252
16253
16253
16254
16254
16255
16255
16256
16256
16257
16258
16258
16259
16259
16260
16260
16261
16261
16262
16262
16263
16264
16264
16265
16265
16266
16266
16267
16267
16268
16268
16269
16269
16270
16270
16271
16271
16272
16272
16273
16274
16274
16275
16275
16276
16276
16277
16277
16278
16278
16279
16279
16280
16280
16281
16281
16282
16282
16283
16283
16284
16284
16285
16285
16285
16286
16286
16287
16287
16288
16288
16289
16289
16290
16290
16291
16291
16292
16292
16293
16293
16294
16294
16294
16295
16295
16296
16296
16297
16297
16298
16298
16299
16299
16299
16300
16300
16301
16301
16302
16302
16303
16303
16303
16304
16304
16305
16305
16306
16306
16307
16307
16307
16308
16308
16309
16309
16309
16310
16310
16311
16311
16312
16312
16312
16313
16313
16314
16314
16314
16315
16315
16316
16316
16316
16317
16317
16318
16318
16318
16319
16319
16320
16320
16320
16321
16321
16322
16322
16322
16323
16323
16324
16324
16324
16325
16325
16325
16326
16326
16327
16327
16327
16328
16328
16328
16329
16329
16329
16330
16330
16331
16331
16331
16332
16332
16332
16333
16333
16333
16334
16334
16334
16335
16335
16335
16336
16336
16336
16337
16337
16337
16338
16338
16338
16339
16339
16339
16340
16340
16340
16341
16341
16341
16342
16342
16342
16343
16343
16343
16344
16344
16344
16344
16345
16345
16345
16346
16346
16346
16347
16347
16347
16347
16348
16348
16348
16349
16349
16349
16349
16350
16350
16350
16351
16351
16351
16351
16352
16352
16352
16353
16353
16353
16353
16354
16354
16354
16354
16355
16355
16355
16355
16356
16356
16356
16357
16357
16357
16357
16358
16358
16358
16358
16359
16359
16359
16359
16359
16360
16360
16360
16360
16361
16361
16361
16361
16362
16362
16362
16362
16362
16363
16363
16363
16363
16364
16364
16364
16364
16364
16365
16365
16365
16365
16366
16366
16366
16366
16366
16367
16367
16367
16367
16367
16368
16368
16368
16368
16368
16369
16369
16369
16369
16369
16369
16370
16370
16370
16370
16370
16371
16371
16371
16371
16371
16371
16372
16372
16372
16372
16372
16372
16373
16373
16373
16373
16373
16373
16374
16374
16374
16374
16374
16374
16374
16375
16375
16375
16375
16375
16375
16375
16376
16376
16376
16376
16376
16376
16376
16377
16377
16377
16377
16377
16377
16377
16377
16378
16378
16378
16378
16378
16378
16378
16378
16378
16379
16379
16379
16379
16379
16379
16379
16379
16379
16379
16380
16380
16380
16380
16380
16380
16380
16380
16380
16380
16380
16381
16381
16381
16381
16381
16381
16381
16381
16381
16381
16381
16381
16381
16382
16382
16382
16382
16382
16382
16382
16382
16382
16382
16382
16382
16382
16382
16382
16382
16382
16383
16383
16383
16383
16383
16383
16383
16383
16383
16383
16383
16383
16383
16383
16383
16383
16383
16383
16383
16383
16383
16383
16383
16383
16383
16383
16383
16383
16383
16383
16383
16383
16383
16383
16383
16383
16383
16383
16383
16383
16383
16383
16383
16383
16383
16383
16383
16383
16383
16383
16383
16383
16383
16383
16383
16383
16383
16383
16383
16383
16383
16383
16383
16383
16383
16383
16383
16383
16383
16383
16383
16383
16383
16383
16383
16383
16383
16383
16383
16383
16383
16382
16382
16382
16382
16382
16382
16382
16382
16382
16382
16382
16382
16382
16382
16382
16382
16382
16381
16381
16381
16381
16381
16381
16381
16381
16381
16381
16381
16381
16381
16380
16380
16380
16380
16380
16380
16380
16380
16380
16380
16380
16379
16379
16379
16379
16379
16379
16379
16379
16379
16378
16378
16378
16378
16378
16378
16378
16378
16378
16377
16377
16377
16377
16377
16377
16377
16377
16376
16376
16376
16376
16376
16376
16376
16375
16375
16375
16375
16375
16375
16375
16374
16374
16374
16374
16374
16374
16374
16373
16373
16373
16373
16373
16373
16372
16372
16372
16372
16372
16372
16371
16371
16371
16371
16371
16371
16370
16370
16370
16370
16370
16370
16369
16369
16369
16369
16369
16368
16368
16368
16368
16368
16367
16367
16367
16367
16367
16366
16366
16366
16366
16366
16365
16365
16365
16365
16365
16364
16364
16364
16364
16363
16363
16363
16363
16363
16362
16362
16362
16362
16361
16361
16361
16361
16361
16360
16360
16360
16360
16359
16359
16359
16359
16358
16358
16358
16358
16357
16357
16357
16357
16356
16356
16356
16356
16355
16355
16355
16355
16354
16354
16354
16353
16353
16353
16353
16352
16352
16352
16352
16351
16351
16351
16350
16350
16350
16350
16349
16349
16349
16348
16348
16348
16348
16347
16347
16347
16346
16346
16346
16345
16345
16345
16345
16344
16344
16344
16343
16343
16343
16342
16342
16342
16341
16341
16341
16341
16340
16340
16340
16339
16339
16339
16338
16338
16338
16337
16337
16337
16336
16336
16336
16335
16335
16335
16334
16334
16333
16333
16333
16332
16332
16332
16331
16331
16331
16330
16330
16330
16329
16329
16329
16328
16328
16327
16327
16327
16326
16326
16326
16325
16325
16324
16324
16324
16323
16323
16323
16322
16322
16321
16321
16321
16320
16320
16319
16319
16319
16318
16318
16317
16317
16317
16316
16316
16315
16315
16315
16314
16314
16313
16313
16313
16312
16312
16311
16311
16311
16310
16310
16309
16309
16308
16308
16308
16307
16307
16306
16306
16305
16305
16305
16304
16304
16303
16303
16302
16302
16301
16301
16301
16300
16300
16299
16299
16298
16298
16297
16297
16297
16296
16296
16295
16295
16294
16294
16293
16293
16292
16292
16291
16291
16291
16290
16290
16289
16289
16288
16288
16287
16287
16286
16286
16285
16285
16284
16284
16283
16283
16282
16282
16281
16281
16280
16280
16279
16279
16278
16278
16277
16277
16276
16276
16275
16275
16274
16274
16273
16273
16272
16272
16271
16271
16270
16270
16269
16269
16268
16268
16267
16266
16266
16265
16265
16264
16264
16263
16263
16262
16262
16261
16261
16260
16259
16259
16258
16258
16257
16257
16256
16256
16255
16255
16254
16253
16253
16252
16252
16251
16251
16250
16250
16249
16248
16248
16247
16247
16246
16246
16245
16244
16244
16243
16243
16242
16241
16241
16240
16240
16239
16239
16238
16237
16237
16236
16236
16235
16234
16234
16233
16233
16232
16231
16231
16230
16230
16229
16228
16228
16227
16227
16226
16225
16225
16224
16223
16223
16222
16222
16221
16220
16220
16219
16218
16218
16217
16217
16216
16215
16215
16214
16213
16213
16212
16212
16211
16210
16210
16209
16208
16208
16207
16206
16206
16205
16204
16204
16203
16202
16202
16201
16200
16200
16199
16198
16198
16197
16196
16196
16195
16194
16194
16193
16192
16192
16191
16190
16190
16189
16188
16188
16187
16186
16186
16185
16184
16184
16183
16182
16181
16181
16180
16179
16179
16178
16177
16177
16176
16175
16174
16174
16173
16172
16172
16171
16170
16170
16169
16168
16167
16167
16166
16165
16165
16164
16163
16162
16162
16161
16160
16159
16159
16158
16157
16157
16156
16155
16154
16154
16153
16152
16151
16151
16150
16149
16148
16148
16147
16146
16145
16145
16144
16143
16142
16142
16141
16140
16139
16139
16138
16137
16136
16135
16135
16134
16133
16132
16132
16131
16130
16129
16129
16128
16127
16126
16125
16125
16124
16123
16122
16121
16121
16120
16119
16118
16118
16117
16116
16115
16114
16114
16113
16112
16111
16110
16110
16109
16108
16107
16106
16105
16105
16104
16103
16102
16101
16101
16100
16099
16098
16097
16096
16096
16095
16094
16093
16092
16092
16091
16090
16089
16088
16087
16087
16086
16085
16084
16083
16082
16081
16081
16080
16079
16078
16077
16076
16076
16075
16074
16073
16072
16071
16070
16070
16069
16068
16067
16066
16065
16064
16063
16063
16062
16061
16060
16059
16058
16057
16056
16056
16055
16054
16053
16052
16051
16050
16049
16049
16048
16047
16046
16045
16044
16043
16042
16041
16040
16040
16039
16038
16037
16036
16035
16034
16033
16032
16031
16030
16030
16029
16028
16027
16026
16025
16024
16023
16022
16021
16020
16019
16019
16018
16017
16016
16015
16014
16013
16012
16011
16010
16009
16008
16007
16006
16005
16004
16004
16003
16002
16001
16000
15999
15998
15997
15996
15995
15994
15993
15992
15991
15990
15989
15988
15987
15986
15985
15984
15983
15982
15981
15981
15980
15979
15978
15977
15976
15975
15974
15973
15972
15971
15970
15969
15968
15967
15966
15965
15964
15963
15962
15961
15960
15959
15958
15957
15956
15955
15954
15953
15952
15951
15950
15949
15948
15947
15946
15945
15944
15943
15942
15941
15940
15939
15938
15937
15936
15935
15934
15932
15931
15930
15929
15928
15927
15926
15925
15924
15923
15922
15921
15920
15919
15918
15917
15916
15915
15914
15913
15912
15911
15910
15909
15907
15906
15905
15904
15903
15902
15901
15900
15899
15898
15897
15896
15895
15894
15893
15892
15890
15889
15888
15887
15886
15885
15884
15883
15882
15881
15880
15879
15877
15876
15875
15874
15873
15872
15871
15870
15869
15868
15867
15865
15864
15863
15862
15861
15860
15859
15858
15857
15856
15854
15853
15852
15851
15850
15849
15848
15847
15845
15844
15843
15842
15841
15840
15839
15838
15836
15835
15834
15833
15832
15831
15830
15829
15827
15826
15825
15824
15823
15822
15821
15819
15818
15817
15816
15815
15814
15813
15811
15810
15809
15808
15807
15806
15804
15803
15802
15801
15800
15799
15797
15796
15795
15794
15793
15792
15790
15789
15788
15787
15786
15785
15783
15782
15781
15780
15779
15777
15776
15775
15774
15773
15772
15770
15769
15768
15767
15766
15764
15763
15762
15761
15760
15758
15757
15756
15755
15754
15752
15751
15750
15749
15747
15746
15745
15744
15743
15741
15740
15739
15738
15736
15735
15734
15733
15732
15730
15729
15728
15727
15725
15724
15723
15722
15720
15719
15718
15717
15716
15714
15713
15712
15711
15709
15708
15707
15706
15704
15703
15702
15701
15699
15698
15697
15696
15694
15693
15692
15690
15689
15688
15687
15685
15684
15683
15682
15680
15679
15678
15676
15675
15674
15673
15671
15670
15669
15668
15666
15665
15664
15662
15661
15660
15658
15657
15656
15655
15653
15652
15651
15649
15648
15647
15646
15644
15643
15642
15640
15639
15638
15636
15635
15634
15632
15631
15630
15628
15627
15626
15625
15623
15622
15621
15619
15618
15617
15615
15614
15613
15611
15610
15609
15607
15606
15605
15603
15602
15601
15599
15598
15597
15595
15594
15593
15591
15590
15588
15587
15586
15584
15583
15582
15580
15579
15578
15576
15575
15574
15572
15571
15569
15568
15567
15565
15564
15563
15561
15560
15559
15557
15556
15554
15553
15552
15550
15549
15547
15546
15545
15543
15542
15541
15539
15538
15536
15535
15534
15532
15531
15529
15528
15527
15525
15524
15522
15521
15520
15518
15517
15515
15514
15513
15511
15510
15508
15507
15506
15504
15503
15501
15500
15498
15497
15496
15494
15493
15491
15490
15488
15487
15486
15484
15483
15481
15480
15478
15477
15476
15474
15473
15471
15470
15468
15467
15465
15464
15463
15461
15460
15458
15457
15455
15454
15452
15451
15450
15448
15447
15445
15444
15442
15441
15439
15438
15436
15435
15433
15432
15430
15429
15428
15426
15425
15423
15422
15420
15419
15417
15416
15414
15413
15411
15410
15408
15407
15405
15404
15402
15401
15399
15398
15396
15395
15393
15392
15390
15389
15387
15386
15384
15383
15381
15380
15378
15377
15375
15374
15372
15371
15369
15368
15366
15365
15363
15362
15360
15359
15357
15356
15354
15353
15351
15350
15348
15346
15345
15343
15342
15340
15339
15337
15336
15334
15333
15331
15330
15328
15326
15325
15323
15322
15320
15319
15317
15316
15314
15313
15311
15309
15308
15306
15305
15303
15302
15300
15299
15297
15295
15294
15292
15291
15289
15288
15286
15284
15283
15281
15280
15278
15277
15275
15273
15272
15270
15269
15267
15265
15264
15262
15261
15259
15258
15256
15254
15253
15251
15250
15248
15246
15245
15243
15242
15240
15238
15237
15235
15234
15232
15230
15229
15227
15226
15224
15222
15221
15219
15217
15216
15214
15213
15211
15209
15208
15206
15205
15203
15201
15200
15198
15196
15195
15193
15191
15190
15188
15187
15185
15183
15182
15180
15178
15177
15175
15173
15172
15170
15169
15167
15165
15164
15162
15160
15159
15157
15155
15154
15152
15150
15149
15147
15145
15144
15142
15140
15139
15137
15135
15134
15132
15130
15129
15127
15125
15124
15122
15120
15119
15117
15115
15114
15112
15110
15109
15107
15105
15104
15102
15100
15098
15097
15095
15093
15092
15090
15088
15087
15085
15083
15082
15080
15078
15076
15075
15073
15071
15070
15068
15066
15064
15063
15061
15059
15058
15056
15054
15053
15051
15049
15047
15046
15044
15042
15040
15039
15037
15035
15034
15032
15030
15028
15027
15025
15023
15021
15020
15018
15016
15014
15013
15011
15009
15008
15006
15004
15002
15001
14999
14997
14995
14994
14992
14990
14988
14987
14985
14983
14981
14980
14978
14976
14974
14972
14971
14969
14967
14965
14964
14962
14960
14958
14957
14955
14953
14951
14949
14948
14946
14944
14942
14941
14939
14937
14935
14933
14932
14930
14928
14926
14925
14923
14921
14919
14917
14916
14914
14912
14910
14908
14907
14905
14903
14901
14899
14898
14896
14894
14892
14890
14889
14887
14885
14883
14881
14879
14878
14876
14874
14872
14870
14869
14867
14865
14863
14861
14859
14858
14856
14854
14852
14850
14848
14847
14845
14843
14841
14839
14837
14836
14834
14832
14830
14828
14826
14825
14823
14821
14819
14817
14815
14814
14812
14810
14808
14806
14804
14802
14801
14799
14797
14795
14793
14791
14789
14788
14786
14784
14782
14780
14778
14776
14774
14773
14771
14769
14767
14765
14763
14761
14759
14758
14756
14754
14752
14750
14748
14746
14744
14743
14741
14739
14737
14735
14733
14731
14729
14727
14726
14724
14722
14720
14718
14716
14714
14712
14710
14708
14707
14705
14703
14701
14699
14697
14695
14693
14691
14689
14687
14686
14684
14682
14680
14678
14676
14674
14672
14670
14668
14666
14664
14662
14661
14659
14657
14655
14653
14651
14649
14647
14645
14643
14641
14639
14637
14635
14633
14632
14630
14628
14626
14624
14622
14620
14618
14616
14614
14612
14610
14608
14606
14604
14602
14600
14598
14596
14594
14592
14591
14589
14587
14585
14583
14581
14579
14577
14575
14573
14571
14569
14567
14565
14563
14561
14559
14557
14555
14553
14551
14549
14547
14545
14543
14541
14539
14537
14535
14533
14531
14529
14527
14525
14523
14521
14519
14517
14515
14513
14511
14509
14507
14505
14503
14501
14499
14497
14495
14493
14491
14489
14487
14485
14483
14481
14479
14477
14475
14473
14471
14469
14467
14465
14463
14461
14459
14457
14455
14453
14451
14449
14447
14445
14443
14441
14439
14437
14435
14433
14431
14429
14427
14424
14422
14420
14418
14416
14414
14412
14410
14408
14406
14404
14402
14400
14398
14396
14394
14392
14390
14388
14386
14384
14381
14379
14377
14375
14373
14371
14369
14367
14365
14363
14361
14359
14357
14355
14353
14351
14348
14346
14344
14342
14340
14338
14336
14334
14332
14330
14328
14326
14324
14321
14319
14317
14315
14313
14311
14309
14307
14305
14303
14301
14298
14296
14294
14292
14290
14288
14286
14284
14282
14280
14277
14275
14273
14271
14269
14267
14265
14263
14261
14258
14256
14254
14252
14250
14248
14246
14244
14242
14239
14237
14235
14233
14231
14229
14227
14225
14222
14220
14218
14216
14214
14212
14210
14208
14205
14203
14201
14199
14197
14195
14193
14190
14188
14186
14184
14182
14180
14178
14175
14173
14171
14169
14167
14165
14163
14160
14158
14156
14154
14152
14150
14148
14145
14143
14141
14139
14137
14135
14132
14130
14128
14126
14124
14122
14119
14117
14115
14113
14111
14109
14106
14104
14102
14100
14098
14095
14093
14091
14089
14087
14085
14082
14080
14078
14076
14074
14071
14069
14067
14065
14063
14061
14058
14056
14054
14052
14050
14047
14045
14043
14041
14039
14036
14034
14032
14030
14028
14025
14023
14021
14019
14017
14014
14012
14010
14008
14005
14003
14001
13999
13997
13994
13992
13990
13988
13986
13983
13981
13979
13977
13974
13972
13970
13968
13965
13963
13961
13959
13957
13954
13952
13950
13948
13945
13943
13941
13939
13936
13934
13932
13930
13927
13925
13923
13921
13918
13916
13914
13912
13910
13907
13905
13903
13900
13898
13896
13894
13891
13889
13887
13885
13882
13880
13878
13876
13873
13871
13869
13867
13864
13862
13860
13858
13855
13853
13851
13848
13846
13844
13842
13839
13837
13835
13833
13830
13828
13826
13823
13821
13819
13817
13814
13812
13810
13807
13805
13803
13801
13798
13796
13794
13791
13789
13787
13784
13782
13780
13778
13775
13773
13771
13768
13766
13764
13762
13759
13757
13755
13752
13750
13748
13745
13743
13741
13738
13736
13734
13731
13729
13727
13725
13722
13720
13718
13715
13713
13711
13708
13706
13704
13701
13699
13697
13694
13692
13690
13687
13685
13683
13680
13678
13676
13673
13671
13669
13666
13664
13662
13659
13657
13655
13652
13650
13648
13645
13643
13641
13638
13636
13634
13631
13629
13627
13624
13622
13619
13617
13615
13612
13610
13608
13605
13603
13601
13598
13596
13594
13591
13589
13586
13584
13582
13579
13577
13575
13572
13570
13567
13565
13563
13560
13558
13556
13553
13551
13549
13546
13544
13541
13539
13537
13534
13532
13529
13527
13525
13522
13520
13518
13515
13513
13510
13508
13506
13503
13501
13498
13496
13494
13491
13489
13486
13484
13482
13479
13477
13474
13472
13470
13467
13465
13462
13460
13458
13455
13453
13450
13448
13446
13443
13441
13438
13436
13434
13431
13429
13426
13424
13421
13419
13417
13414
13412
13409
13407
13404
13402
13400
13397
13395
13392
13390
13388
13385
13383
13380
13378
13375
13373
13370
13368
13366
13363
13361
13358
13356
13353
13351
13349
13346
13344
13341
13339
13336
13334
13331
13329
13327
13324
13322
13319
13317
13314
13312
13309
13307
13304
13302
13300
13297
13295
13292
13290
13287
13285
13282
13280
13277
13275
13273
13270
13268
13265
13263
13260
13258
13255
13253
13250
13248
13245
13243
13240
13238
13235
13233
13230
13228
13226
13223
13221
13218
13216
13213
13211
13208
13206
13203
13201
13198
13196
13193
13191
13188
13186
13183
13181
13178
13176
13173
13171
13168
13166
13163
13161
13158
13156
13153
13151
13148
13146
13143
13141
13138
13136
13133
13131
13128
13126
13123
13121
13118
13116
13113
13111
13108
13106
13103
13101
13098
13096
13093
13091
13088
13086
13083
13081
13078
13076
13073
13070
13068
13065
13063
13060
13058
13055
13053
13050
13048
13045
13043
13040
13038
13035
13033
13030
13027
13025
13022
13020
13017
13015
13012
13010
13007
13005
13002
13000
12997
12994
12992
12989
12987
12984
12982
12979
12977
12974
12971
12969
12966
12964
12961
12959
12956
12954
12951
12949
12946
12943
12941
12938
12936
12933
12931
12928
12925
12923
12920
12918
12915
12913
12910
12907
12905
12902
12900
12897
12895
12892
12889
12887
12884
12882
12879
12877
12874
12871
12869
12866
12864
12861
12859
12856
12853
12851
12848
12846
12843
12840
12838
12835
12833
12830
12828
12825
12822
12820
12817
12815
12812
12809
12807
12804
12802
12799
12796
12794
12791
12789
12786
12783
12781
12778
12776
12773
12770
12768
12765
12763
12760
12757
12755
12752
12750
12747
12744
12742
12739
12736
12734
12731
12729
12726
12723
12721
12718
12716
12713
12710
12708
12705
12702
12700
12697
12695
12692
12689
12687
12684
12681
12679
12676
12674
12671
12668
12666
12663
12660
12658
12655
12652
12650
12647
12645
12642
12639
12637
12634
12631
12629
12626
12623
12621
12618
12616
12613
12610
12608
12605
12602
12600
12597
12594
12592
12589
12586
12584
12581
12578
12576
12573
12570
12568
12565
12562
12560
12557
12555
12552
12549
12547
12544
12541
12539
12536
12533
12531
12528
12525
12523
12520
12517
12515
12512
12509
12507
12504
12501
12499
12496
12493
12491
12488
12485
12482
12480
12477
12474
12472
12469
12466
12464
12461
12458
12456
12453
12450
12448
12445
12442
12440
12437
12434
12432
12429
12426
12423
12421
12418
12415
12413
12410
12407
12405
12402
12399
12397
12394
12391
12388
12386
12383
12380
12378
12375
12372
12370
12367
12364
12361
12359
12356
12353
12351
12348
12345
12342
12340
12337
12334
12332
12329
12326
12323
12321
12318
12315
12313
12310
12307
12304
12302
12299
12296
12294
12291
12288
12285
12283
12280
12277
12275
12272
12269
12266
12264
12261
12258
12255
12253
12250
12247
12245
12242
12239
12236
12234
12231
12228
12225
12223
12220
12217
12215
12212
12209
12206
12204
12201
12198
12195
12193
12190
12187
12184
12182
12179
12176
12173
12171
12168
12165
12162
12160
12157
12154
12151
12149
12146
12143
12140
12138
12135
12132
12129
12127
12124
12121
12118
12116
12113
12110
12107
12105
12102
12099
12096
12094
12091
12088
12085
12082
12080
12077
12074
12071
12069
12066
12063
12060
12058
12055
12052
12049
12046
12044
12041
12038
12035
12033
12030
12027
12024
12021
12019
12016
12013
12010
12008
12005
12002
11999
11996
11994
11991
11988
11985
11983
11980
11977
11974
11971
11969
11966
11963
11960
11957
11955
11952
11949
11946
11944
11941
11938
11935
11932
11930
11927
11924
11921
11918
11916
11913
11910
11907
11904
11902
11899
11896
11893
11890
11888
11885
11882
11879
11876
11874
11871
11868
11865
11862
11859
11857
11854
11851
11848
11845
11843
11840
11837
11834
11831
11829
11826
11823
11820
11817
11814
11812
11809
11806
11803
11800
11798
11795
11792
11789
11786
11783
11781
11778
11775
11772
11769
11766
11764
11761
11758
11755
11752
11750
11747
11744
11741
11738
11735
11733
11730
11727
11724
11721
11718
11716
11713
11710
11707
11704
11701
11698
11696
11693
11690
11687
11684
11681
11679
11676
11673
11670
11667
11664
11662
11659
11656
11653
11650
11647
11644
11642
11639
11636
11633
11630
11627
11624
11622
11619
11616
11613
11610
11607
11605
11602
11599
11596
11593
11590
11587
11585
11582
11579
11576
11573
11570
11567
11564
11562
11559
11556
11553
11550
11547
11544
11542
11539
11536
11533
11530
11527
11524
11521
11519
11516
11513
11510
11507
11504
11501
11498
11496
11493
11490
11487
11484
11481
11478
11475
11473
11470
11467
11464
11461
11458
11455
11452
11450
11447
11444
11441
11438
11435
11432
11429
11426
11424
11421
11418
11415
11412
11409
11406
11403
11400
11398
11395
11392
11389
11386
11383
11380
11377
11374
11372
11369
11366
11363
11360
11357
11354
11351
11348
11345
11343
11340
11337
11334
11331
11328
11325
11322
11319
11316
11314
11311
11308
11305
11302
11299
11296
11293
11290
11287
11284
11282
11279
11276
11273
11270
11267
11264
11261
11258
11255
11252
11250
11247
11244
11241
11238
11235
11232
11229
11226
11223
11220
11217
11215
11212
11209
11206
11203
11200
11197
11194
11191
11188
11185
11182
11179
11177
11174
11171
11168
11165
11162
11159
11156
11153
11150
11147
11144
11141
11138
11136
11133
11130
11127
11124
11121
11118
11115
11112
11109
11106
11103
11100
11097
11094
11092
11089
11086
11083
11080
11077
11074
11071
11068
11065
11062
11059
11056
11053
11050
11047
11044
11041
11039
11036
11033
11030
11027
11024
11021
11018
11015
11012
11009
11006
11003
11000
10997
10994
10991
10988
10985
10983
10980
10977
10974
10971
10968
10965
10962
10959
10956
10953
10950
10947
10944
10941
10938
10935
10932
10929
10926
10923
10920
10917
10914
10911
10909
10906
10903
10900
10897
10894
10891
10888
10885
10882
10879
10876
10873
10870
10867
10864
10861
10858
10855
10852
10849
10846
10843
10840
10837
10834
10831
10828
10825
10822
10819
10816
10813
10811
10808
10805
10802
10799
10796
10793
10790
10787
10784
10781
10778
10775
10772
10769
10766
10763
10760
10757
10754
10751
10748
10745
10742
10739
10736
10733
10730
10727
10724
10721
10718
10715
10712
10709
10706
10703
10700
10697
10694
10691
10688
10685
10682
10679
10676
10673
10670
10667
10664
10661
10658
10655
10652
10649
10646
10643
10640
10637
10634
10631
10628
10625
10622
10619
10616
10613
10610
10607
10604
10601
10598
10595
10592
10589
10586
10583
10580
10577
10574
10571
10568
10565
10562
10559
10556
10553
10550
10547
10544
10541
10538
10535
10532
10529
10526
10523
10520
10517
10514
10511
10508
10505
10502
10499
10496
10493
10490
10487
10484
10481
10478
10475
10472
10469
10466
10463
10460
10457
10454
10451
10448
10445
10442
10439
10436
10433
10429
10426
10423
10420
10417
10414
10411
10408
10405
10402
10399
10396
10393
10390
10387
10384
10381
10378
10375
10372
10369
10366
10363
10360
10357
10354
10351
10348
10345
10342
10339
10336
10333
10330
10327
10324
10320
10317
10314
10311
10308
10305
10302
10299
10296
10293
10290
10287
10284
10281
10278
10275
10272
10269
10266
10263
10260
10257
10254
10251
10248
10245
10241
10238
10235
10232
10229
10226
10223
10220
10217
10214
10211
10208
10205
10202
10199
10196
10193
10190
10187
10184
10181
10178
10174
10171
10168
10165
10162
10159
10156
10153
10150
10147
10144
10141
10138
10135
10132
10129
10126
10123
10120
10117
10113
10110
10107
10104
10101
10098
10095
10092
10089
10086
10083
10080
10077
10074
10071
10068
10065
10062
10058
10055
10052
10049
10046
10043
10040
10037
10034
10031
10028
10025
10022
10019
10016
10013
10009
10006
10003
10000
9997
9994
9991
9988
9985
9982
9979
9976
9973
9970
9967
9963
9960
9957
9954
9951
9948
9945
9942
9939
9936
9933
9930
9927
9924
9921
9917
9914
9911
9908
9905
9902
9899
9896
9893
9890
9887
9884
9881
9877
9874
9871
9868
9865
9862
9859
9856
9853
9850
9847
9844
9841
9838
9834
9831
9828
9825
9822
9819
9816
9813
9810
9807
9804
9801
9797
9794
9791
9788
9785
9782
9779
9776
9773
9770
9767
9764
9760
9757
9754
9751
9748
9745
9742
9739
9736
9733
9730
9727
9723
9720
9717
9714
9711
9708
9705
9702
9699
9696
9693
9690
9686
9683
9680
9677
9674
9671
9668
9665
9662
9659
9656
9652
9649
9646
9643
9640
9637
9634
9631
9628
9625
9622
9618
9615
9612
9609
9606
9603
9600
9597
9594
9591
9587
9584
9581
9578
9575
9572
9569
9566
9563
9560
9556
9553
9550
9547
9544
9541
9538
9535
9532
9529
9526
9522
9519
9516
9513
9510
9507
9504
9501
9498
9494
9491
9488
9485
9482
9479
9476
9473
9470
9467
9463
9460
9457
9454
9451
9448
9445
9442
9439
9436
9432
9429
9426
9423
9420
9417
9414
9411
9408
9404
9401
9398
9395
9392
9389
9386
9383
9380
9376
9373
9370
9367
9364
9361
9358
9355
9352
9349
9345
9342
9339
9336
9333
9330
9327
9324
9321
9317
9314
9311
9308
9305
9302
9299
9296
9292
9289
9286
9283
9280
9277
9274
9271
9268
9264
9261
9258
9255
9252
9249
9246
9243
9240
9236
9233
9230
9227
9224
9221
9218
9215
9211
9208
9205
9202
9199
9196
9193
9190
9187
9183
9180
9177
9174
9171
9168
9165
9162
9158
9155
9152
9149
9146
9143
9140
9137
9134
9130
9127
9124
9121
9118
9115
9112
9109
9105
9102
9099
9096
9093
9090
9087
9084
9080
9077
9074
9071
9068
9065
9062
9059
9055
9052
9049
9046
9043
9040
9037
9034
9030
9027
9024
9021
9018
9015
9012
9009
9005
9002
8999
8996
8993
8990
8987
8984
8980
8977
8974
8971
8968
8965
8962
8959
8955
8952
8949
8946
8943
8940
8937
8934
8930
8927
8924
8921
8918
8915
8912
8908
8905
8902
8899
8896
8893
8890
8887
8883
8880
8877
8874
8871
8868
8865
8862
8858
8855
8852
8849
8846
8843
8840
8836
8833
8830
8827
8824
8821
8818
8815
8811
8808
8805
8802
8799
8796
8793
8789
8786
8783
8780
8777
8774
8771
8768
8764
8761
8758
8755
8752
8749
8746
8742
8739
8736
8733
8730
8727
8724
8721
8717
8714
8711
8708
8705
8702
8699
8695
8692
8689
8686
8683
8680
8677
8673
8670
8667
8664
8661
8658
8655
8652
8648
8645
8642
8639
8636
8633
8630
8626
8623
8620
8617
8614
8611
8608
8604
8601
8598
8595
8592
8589
8586
8583
8579
8576
8573
8570
8567
8564
8561
8557
8554
8551
8548
8545
8542
8539
8535
8532
8529
8526
8523
8520
8517
8513
8510
8507
8504
8501
8498
8495
8491
8488
8485
8482
8479
8476
8473
8469
8466
8463
8460
8457
8454
8451
8448
8444
8441
8438
8435
8432
8429
8426
8422
8419
8416
8413
8410
8407
8404
8400
8397
8394
8391
8388
8385
8382
8378
8375
8372
8369
8366
8363
8360
8356
8353
8350
8347
8344
8341
8338
8334
8331
8328
8325
8322
8319
8316
8312
8309
8306
8303
8300
8297
8294
8290
8287
8284
8281
8278
8275
8272
8268
8265
8262
8259
8256
8253
8250
8246
8243
8240
8237
8234
8231
8228
8224
8221
8218
8215
8212
8209
8206
8202
8199
8196
8193
8190
8187
8184
8181
8177
8174
8171
8168
8165
8162
8159
8155
8152
8149
8146
8143
8140
8137
8133
8130
8127
8124
8121
8118
8115
8111
8108
8105
8102
8099
8096
8093
8089
8086
8083
8080
8077
8074
8071
8067
8064
8061
8058
8055
8052
8049
8045
8042
8039
8036
8033
8030
8027
8023
8020
8017
8014
8011
8008
8005
8001
7998
7995
7992
7989
7986
7983
7979
7976
7973
7970
7967
7964
7961
7957
7954
7951
7948
7945
7942
7939
7935
7932
7929
7926
7923
7920
7917
7914
7910
7907
7904
7901
7898
7895
7892
7888
7885
7882
7879
7876
7873
7870
7866
7863
7860
7857
7854
7851
7848
7844
7841
7838
7835
7832
7829
7826
7822
7819
7816
7813
7810
7807
7804
7800
7797
7794
7791
7788
7785
7782
7779
7775
7772
7769
7766
7763
7760
7757
7753
7750
7747
7744
7741
7738
7735
7731
7728
7725
7722
7719
7716
7713
7710
7706
7703
7700
7697
7694
7691
7688
7684
7681
7678
7675
7672
7669
7666
7662
7659
7656
7653
7650
7647
7644
7641
7637
7634
7631
7628
7625
7622
7619
7615
7612
7609
7606
7603
7600
7597
7594
7590
7587
7584
7581
7578
7575
7572
7568
7565
7562
7559
7556
7553
7550
7547
7543
7540
7537
7534
7531
7528
7525
7521
7518
7515
7512
7509
7506
7503
7500
7496
7493
7490
7487
7484
7481
7478
7475
7471
7468
7465
7462
7459
7456
7453
7449
7446
7443
7440
7437
7434
7431
7428
7424
7421
7418
7415
7412
7409
7406
7403
7399
7396
7393
7390
7387
7384
7381
7378
7374
7371
7368
7365
7362
7359
7356
7353
7349
7346
7343
7340
7337
7334
7331
7328
7324
7321
7318
7315
7312
7309
7306
7303
7299
7296
7293
7290
7287
7284
7281
7278
7274
7271
7268
7265
7262
7259
7256
7253
7249
7246
7243
7240
7237
7234
7231
7228
7225
7221
7218
7215
7212
7209
7206
7203
7200
7196
7193
7190
7187
7184
7181
7178
7175
7172
7168
7165
7162
7159
7156
7153
7150
7147
7143
7140
7137
7134
7131
7128
7125
7122
7119
7115
7112
7109
7106
7103
7100
7097
7094
7091
7087
7084
7081
7078
7075
7072
7069
7066
7062
7059
7056
7053
7050
7047
7044
7041
7038
7034
7031
7028
7025
7022
7019
7016
7013
7010
7007
7003
7000
6997
6994
6991
6988
6985
6982
6979
6975
6972
6969
6966
6963
6960
6957
6954
6951
6947
6944
6941
6938
6935
6932
6929
6926
6923
6920
6916
6913
6910
6907
6904
6901
6898
6895
6892
6889
6885
6882
6879
6876
6873
6870
6867
6864
6861
6857
6854
6851
6848
6845
6842
6839
6836
6833
6830
6827
6823
6820
6817
6814
6811
6808
6805
6802
6799
6796
6792
6789
6786
6783
6780
6777
6774
6771
6768
6765
6761
6758
6755
6752
6749
6746
6743
6740
6737
6734
6731
6727
6724
6721
6718
6715
6712
6709
6706
6703
6700
6697
6693
6690
6687
6684
6681
6678
6675
6672
6669
6666
6663
6660
6656
6653
6650
6647
6644
6641
6638
6635
6632
6629
6626
6623
6619
6616
6613
6610
6607
6604
6601
6598
6595
6592
6589
6586
6582
6579
6576
6573
6570
6567
6564
6561
6558
6555
6552
6549
6545
6542
6539
6536
6533
6530
6527
6524
6521
6518
6515
6512
6509
6506
6502
6499
6496
6493
6490
6487
6484
6481
6478
6475
6472
6469
6466
6462
6459
6456
6453
6450
6447
6444
6441
6438
6435
6432
6429
6426
6423
6420
6416
6413
6410
6407
6404
6401
6398
6395
6392
6389
6386
6383
6380
6377
6374
6370
6367
6364
6361
6358
6355
6352
6349
6346
6343
6340
6337
6334
6331
6328
6325
6321
6318
6315
6312
6309
6306
6303
6300
6297
6294
6291
6288
6285
6282
6279
6276
6273
6270
6266
6263
6260
6257
6254
6251
6248
6245
6242
6239
6236
6233
6230
6227
6224
6221
6218
6215
6212
6209
6205
6202
6199
6196
6193
6190
6187
6184
6181
6178
6175
6172
6169
6166
6163
6160
6157
6154
6151
6148
6145
6142
6138
6135
6132
6129
6126
6123
6120
6117
6114
6111
6108
6105
6102
6099
6096
6093
6090
6087
6084
6081
6078
6075
6072
6069
6066
6063
6059
6056
6053
6050
6047
6044
6041
6038
6035
6032
6029
6026
6023
6020
6017
6014
6011
6008
6005
6002
5999
5996
5993
5990
5987
5984
5981
5978
5975
5972
5969
5966
5963
5960
5957
5954
5950
5947
5944
5941
5938
5935
5932
5929
5926
5923
5920
5917
5914
5911
5908
5905
5902
5899
5896
5893
5890
5887
5884
5881
5878
5875
5872
5869
5866
5863
5860
5857
5854
5851
5848
5845
5842
5839
5836
5833
5830
5827
5824
5821
5818
5815
5812
5809
5806
5803
5800
5797
5794
5791
5788
5785
5782
5779
5776
5773
5770
5767
5764
5761
5758
5755
5752
5749
5746
5743
5740
5737
5734
5731
5728
5725
5722
5719
5716
5713
5710
5707
5704
5701
5698
5695
5692
5689
5686
5683
5680
5677
5674
5671
5668
5665
5662
5659
5656
5653
5650
5647
5644
5641
5638
5635
5632
5629
5626
5623
5620
5617
5614
5611
5608
5605
5602
5599
5596
5593
5590
5587
5584
5581
5578
5575
5572
5570
5567
5564
5561
5558
5555
5552
5549
5546
5543
5540
5537
5534
5531
5528
5525
5522
5519
5516
5513
5510
5507
5504
5501
5498
5495
5492
5489
5486
5483
5480
5477
5474
5472
5469
5466
5463
5460
5457
5454
5451
5448
5445
5442
5439
5436
5433
5430
5427
5424
5421
5418
5415
5412
5409
5406
5403
5400
5398
5395
5392
5389
5386
5383
5380
5377
5374
5371
5368
5365
5362
5359
5356
5353
5350
5347
5344
5342
5339
5336
5333
5330
5327
5324
5321
5318
5315
5312
5309
5306
5303
5300
5297
5294
5291
5289
5286
5283
5280
5277
5274
5271
5268
5265
5262
5259
5256
5253
5250
5247
5245
5242
5239
5236
5233
5230
5227
5224
5221
5218
5215
5212
5209
5206
5204
5201
5198
5195
5192
5189
5186
5183
5180
5177
5174
5171
5168
5166
5163
5160
5157
5154
5151
5148
5145
5142
5139
5136
5133
5131
5128
5125
5122
5119
5116
5113
5110
5107
5104
5101
5099
5096
5093
5090
5087
5084
5081
5078
5075
5072
5069
5067
5064
5061
5058
5055
5052
5049
5046
5043
5040
5038
5035
5032
5029
5026
5023
5020
5017
5014
5011
5009
5006
5003
5000
4997
4994
4991
4988
4985
4983
4980
4977
4974
4971
4968
4965
4962
4959
4957
4954
4951
4948
4945
4942
4939
4936
4933
4931
4928
4925
4922
4919
4916
4913
4910
4908
4905
4902
4899
4896
4893
4890
4887
4885
4882
4879
4876
4873
4870
4867
4864
4862
4859
4856
4853
4850
4847
4844
4841
4839
4836
4833
4830
4827
4824
4821
4819
4816
4813
4810
4807
4804
4801
4798
4796
4793
4790
4787
4784
4781
4778
4776
4773
4770
4767
4764
4761
4759
4756
4753
4750
4747
4744
4741
4739
4736
4733
4730
4727
4724
4721
4719
4716
4713
4710
4707
4704
4702
4699
4696
4693
4690
4687
4685
4682
4679
4676
4673
4670
4667
4665
4662
4659
4656
4653
4650
4648
4645
4642
4639
4636
4633
4631
4628
4625
4622
4619
4617
4614
4611
4608
4605
4602
4600
4597
4594
4591
4588
4585
4583
4580
4577
4574
4571
4569
4566
4563
4560
4557
4554
4552
4549
4546
4543
4540
4538
4535
4532
4529
4526
4524
4521
4518
4515
4512
4509
4507
4504
4501
4498
4495
4493
4490
4487
4484
4481
4479
4476
4473
4470
4467
4465
4462
4459
4456
4453
4451
4448
4445
4442
4439
4437
4434
4431
4428
4426
4423
4420
4417
4414
4412
4409
4406
4403
4400
4398
4395
4392
4389
4387
4384
4381
4378
4375
4373
4370
4367
4364
4362
4359
4356
4353
4350
4348
4345
4342
4339
4337
4334
4331
4328
4325
4323
4320
4317
4314
4312
4309
4306
4303
4301
4298
4295
4292
4289
4287
4284
4281
4278
4276
4273
4270
4267
4265
4262
4259
4256
4254
4251
4248
4245
4243
4240
4237
4234
4232
4229
4226
4223
4221
4218
4215
4212
4210
4207
4204
4201
4199
4196
4193
4190
4188
4185
4182
4179
4177
4174
4171
4168
4166
4163
4160
4158
4155
4152
4149
4147
4144
4141
4138
4136
4133
4130
4128
4125
4122
4119
4117
4114
4111
4108
4106
4103
4100
4098
4095
4092
4089
4087
4084
4081
4079
4076
4073
4070
4068
4065
4062
4060
4057
4054
4051
4049
4046
4043
4041
4038
4035
4032
4030
4027
4024
4022
4019
4016
4013
4011
4008
4005
4003
4000
3997
3995
3992
3989
3986
3984
3981
3978
3976
3973
3970
3968
3965
3962
3960
3957
3954
3951
3949
3946
3943
3941
3938
3935
3933
3930
3927
3925
3922
3919
3917
3914
3911
3909
3906
3903
3901
3898
3895
3892
3890
3887
3884
3882
3879
3876
3874
3871
3868
3866
3863
3860
3858
3855
3852
3850
3847
3844
3842
3839
3836
3834
3831
3828
3826
3823
3821
3818
3815
3813
3810
3807
3805
3802
3799
3797
3794
3791
3789
3786
3783
3781
3778
3775
3773
3770
3767
3765
3762
3760
3757
3754
3752
3749
3746
3744
3741
3738
3736
3733
3731
3728
3725
3723
3720
3717
3715
3712
3709
3707
3704
3702
3699
3696
3694
3691
3688
3686
3683
3681
3678
3675
3673
3670
3667
3665
3662
3660
3657
3654
3652
3649
3647
3644
3641
3639
3636
3633
3631
3628
3626
3623
3620
3618
3615
3613
3610
3607
3605
3602
3600
3597
3594
3592
3589
3587
3584
3581
3579
3576
3574
3571
3568
3566
3563
3561
3558
3555
3553
3550
3548
3545
3543
3540
3537
3535
3532
3530
3527
3524
3522
3519
3517
3514
3512
3509
3506
3504
3501
3499
3496
3494
3491
3488
3486
3483
3481
3478
3476
3473
3470
3468
3465
3463
3460
3458
3455
3452
3450
3447
3445
3442
3440
3437
3434
3432
3429
3427
3424
3422
3419
3417
3414
3412
3409
3406
3404
3401
3399
3396
3394
3391
3389
3386
3383
3381
3378
3376
3373
3371
3368
3366
3363
3361
3358
3356
3353
3350
3348
3345
3343
3340
3338
3335
3333
3330
3328
3325
3323
3320
3318
3315
3313
3310
3307
3305
3302
3300
3297
3295
3292
3290
3287
3285
3282
3280
3277
3275
3272
3270
3267
3265
3262
3260
3257
3255
3252
3250
3247
3245
3242
3240
3237
3235
3232
3230
3227
3225
3222
3220
3217
3215
3212
3210
3207
3205
3202
3200
3197
3195
3192
3190
3187
3185
3182
3180
3177
3175
3172
3170
3167
3165
3162
3160
3157
3155
3153
3150
3148
3145
3143
3140
3138
3135
3133
3130
3128
3125
3123
3120
3118
3115
3113
3110
3108
3106
3103
3101
3098
3096
3093
3091
3088
3086
3083
3081
3079
3076
3074
3071
3069
3066
3064
3061
3059
3056
3054
3052
3049
3047
3044
3042
3039
3037
3034
3032
3030
3027
3025
3022
3020
3017
3015
3013
3010
3008
3005
3003
3000
2998
2995
2993
2991
2988
2986
2983
2981
2979
2976
2974
2971
2969
2966
2964
2962
2959
2957
2954
2952
2949
2947
2945
2942
2940
2937
2935
2933
2930
2928
2925
2923
2921
2918
2916
2913
2911
2909
2906
2904
2901
2899
2897
2894
2892
2889
2887
2885
2882
2880
2877
2875
2873
2870
2868
2865
2863
2861
2858
2856
2854
2851
2849
2846
2844
2842
2839
2837
2834
2832
2830
2827
2825
2823
2820
2818
2816
2813
2811
2808
2806
2804
2801
2799
2797
2794
2792
2789
2787
2785
2782
2780
2778
2775
2773
2771
2768
2766
2764
2761
2759
2756
2754
2752
2749
2747
2745
2742
2740
2738
2735
2733
2731
2728
2726
2724
2721
2719
2717
2714
2712
2710
2707
2705
2703
2700
2698
2696
2693
2691
2689
2686
2684
2682
2679
2677
2675
2672
2670
2668
2665
2663
2661
2658
2656
2654
2652
2649
2647
2645
2642
2640
2638
2635
2633
2631
2628
2626
2624
2621
2619
2617
2615
2612
2610
2608
2605
2603
2601
2599
2596
2594
2592
2589
2587
2585
2582
2580
2578
2576
2573
2571
2569
2566
2564
2562
2560
2557
2555
2553
2550
2548
2546
2544
2541
2539
2537
2535
2532
2530
2528
2525
2523
2521
2519
2516
2514
2512
2510
2507
2505
2503
2501
2498
2496
2494
2492
2489
2487
2485
2483
2480
2478
2476
2473
2471
2469
2467
2465
2462
2460
2458
2456
2453
2451
2449
2447
2444
2442
2440
2438
2435
2433
2431
2429
2426
2424
2422
2420
2418
2415
2413
2411
2409
2406
2404
2402
2400
2397
2395
2393
2391
2389
2386
2384
2382
2380
2378
2375
2373
2371
2369
2366
2364
2362
2360
2358
2355
2353
2351
2349
2347
2344
2342
2340
2338
2336
2333
2331
2329
2327
2325
2322
2320
2318
2316
2314
2312
2309
2307
2305
2303
2301
2298
2296
2294
2292
2290
2288
2285
2283
2281
2279
2277
2274
2272
2270
2268
2266
2264
2261
2259
2257
2255
2253
2251
2248
2246
2244
2242
2240
2238
2235
2233
2231
2229
2227
2225
2223
2220
2218
2216
2214
2212
2210
2208
2205
2203
2201
2199
2197
2195
2193
2190
2188
2186
2184
2182
2180
2178
2175
2173
2171
2169
2167
2165
2163
2161
2158
2156
2154
2152
2150
2148
2146
2144
2141
2139
2137
2135
2133
2131
2129
2127
2125
2122
2120
2118
2116
2114
2112
2110
2108
2106
2103
2101
2099
2097
2095
2093
2091
2089
2087
2085
2082
2080
2078
2076
2074
2072
2070
2068
2066
2064
2062
2059
2057
2055
2053
2051
2049
2047
2045
2043
2041
2039
2037
2035
2032
2030
2028
2026
2024
2022
2020
2018
2016
2014
2012
2010
2008
2006
2004
2002
1999
1997
1995
1993
1991
1989
1987
1985
1983
1981
1979
1977
1975
1973
1971
1969
1967
1965
1963
1961
1959
1956
1954
1952
1950
1948
1946
1944
1942
1940
1938
1936
1934
1932
1930
1928
1926
1924
1922
1920
1918
1916
1914
1912
1910
1908
1906
1904
1902
1900
1898
1896
1894
1892
1890
1888
1886
1884
1882
1880
1878
1876
1874
1872
1870
1868
1866
1864
1862
1860
1858
1856
1854
1852
1850
1848
1846
1844
1842
1840
1838
1836
1834
1832
1830
1828
1826
1824
1822
1820
1818
1816
1814
1812
1810
1808
1806
1804
1802
1800
1798
1796
1794
1792
1791
1789
1787
1785
1783
1781
1779
1777
1775
1773
1771
1769
1767
1765
1763
1761
1759
1757
1755
1753
1751
1750
1748
1746
1744
1742
1740
1738
1736
1734
1732
1730
1728
1726
1724
1722
1721
1719
1717
1715
1713
1711
1709
1707
1705
1703
1701
1699
1697
1696
1694
1692
1690
1688
1686
1684
1682
1680
1678
1676
1675
1673
1671
1669
1667
1665
1663
1661
1659
1657
1656
1654
1652
1650
1648
1646
1644
1642
1640
1639
1637
1635
1633
1631
1629
1627
1625
1624
1622
1620
1618
1616
1614
1612
1610
1609
1607
1605
1603
1601
1599
1597
1595
1594
1592
1590
1588
1586
1584
1582
1581
1579
1577
1575
1573
1571
1569
1568
1566
1564
1562
1560
1558
1557
1555
1553
1551
1549
1547
1546
1544
1542
1540
1538
1536
1535
1533
1531
1529
1527
1525
1524
1522
1520
1518
1516
1514
1513
1511
1509
1507
1505
1504
1502
1500
1498
1496
1494
1493
1491
1489
1487
1485
1484
1482
1480
1478
1476
1475
1473
1471
1469
1467
1466
1464
1462
1460
1458
1457
1455
1453
1451
1450
1448
1446
1444
1442
1441
1439
1437
1435
1434
1432
1430
1428
1426
1425
1423
1421
1419
1418
1416
1414
1412
1411
1409
1407
1405
1403
1402
1400
1398
1396
1395
1393
1391
1389
1388
1386
1384
1382
1381
1379
1377
1375
1374
1372
1370
1369
1367
1365
1363
1362
1360
1358
1356
1355
1353
1351
1349
1348
1346
1344
1343
1341
1339
1337
1336
1334
1332
1330
1329
1327
1325
1324
1322
1320
1319
1317
1315
1313
1312
1310
1308
1307
1305
1303
1301
1300
1298
1296
1295
1293
1291
1290
1288
1286
1285
1283
1281
1279
1278
1276
1274
1273
1271
1269
1268
1266
1264
1263
1261
1259
1258
1256
1254
1253
1251
1249
1248
1246
1244
1243
1241
1239
1238
1236
1234
1233
1231
1229
1228
1226
1224
1223
1221
1219
1218
1216
1214
1213
1211
1210
1208
1206
1205
1203
1201
1200
1198
1196
1195
1193
1192
1190
1188
1187
1185
1183
1182
1180
1178
1177
1175
1174
1172
1170
1169
1167
1166
1164
1162
1161
1159
1157
1156
1154
1153
1151
1149
1148
1146
1145
1143
1141
1140
1138
1137
1135
1133
1132
1130
1129
1127
1125
1124
1122
1121
1119
1118
1116
1114
1113
1111
1110
1108
1106
1105
1103
1102
1100
1099
1097
1095
1094
1092
1091
1089
1088
1086
1084
1083
1081
1080
1078
1077
1075
1074
1072
1070
1069
1067
1066
1064
1063
1061
1060
1058
1057
1055
1053
1052
1050
1049
1047
1046
1044
1043
1041
1040
1038
1037
1035
1033
1032
1030
1029
1027
1026
1024
1023
1021
1020
1018
1017
1015
1014
1012
1011
1009
1008
1006
1005
1003
1002
1000
999
997
996
994
993
991
990
988
987
985
984
982
981
979
978
976
975
973
972
970
969
967
966
964
963
961
960
958
957
955
954
953
951
950
948
947
945
944
942
941
939
938
936
935
933
932
931
929
928
926
925
923
922
920
919
918
916
915
913
912
910
909
907
906
905
903
902
900
899
897
896
895
893
892
890
889
887
886
885
883
882
880
879
877
876
875
873
872
870
869
868
866
865
863
862
861
859
858
856
855
854
852
851
849
848
847
845
844
842
841
840
838
837
836
834
833
831
830
829
827
826
824
823
822
820
819
818
816
815
814
812
811
809
808
807
805
804
803
801
800
799
797
796
795
793
792
790
789
788
786
785
784
782
781
780
778
777
776
774
773
772
770
769
768
766
765
764
762
761
760
758
757
756
755
753
752
751
749
748
747
745
744
743
741
740
739
737
736
735
734
732
731
730
728
727
726
725
723
722
721
719
718
717
715
714
713
712
710
709
708
707
705
704
703
701
700
699
698
696
695
694
693
691
690
689
687
686
685
684
682
681
680
679
677
676
675
674
672
671
670
669
667
666
665
664
663
661
660
659
658
656
655
654
653
651
650
649
648
647
645
644
643
642
640
639
638
637
636
634
633
632
631
629
628
627
626
625
623
622
621
620
619
617
616
615
614
613
611
610
609
608
607
606
604
603
602
601
600
598
597
596
595
594
593
591
590
589
588
587
586
584
583
582
581
580
579
577
576
575
574
573
572
570
569
568
567
566
565
564
562
561
560
559
558
557
556
554
553
552
551
550
549
548
547
545
544
543
542
541
540
539
538
536
535
534
533
532
531
530
529
527
526
525
524
523
522
521
520
519
518
516
515
514
513
512
511
510
509
508
507
506
504
503
502
501
500
499
498
497
496
495
494
493
491
490
489
488
487
486
485
484
483
482
481
480
479
478
477
476
474
473
472
471
470
469
468
467
466
465
464
463
462
461
460
459
458
457
456
455
454
453
452
451
449
448
447
446
445
444
443
442
441
440
439
438
437
436
435
434
433
432
431
430
429
428
427
426
425
424
423
422
421
420
419
418
417
416
415
414
413
412
411
410
409
408
407
406
405
404
403
402
402
401
400
399
398
397
396
395
394
393
392
391
390
389
388
387
386
385
384
383
382
381
380
379
379
378
377
376
375
374
373
372
371
370
369
368
367
366
365
364
364
363
362
361
360
359
358
357
356
355
354
353
353
352
351
350
349
348
347
346
345
344
343
343
342
341
340
339
338
337
336
335
334
334
333
332
331
330
329
328
327
327
326
325
324
323
322
321
320
320
319
318
317
316
315
314
313
313
312
311
310
309
308
307
307
306
305
304
303
302
302
301
300
299
298
297
296
296
295
294
293
292
291
291
290
289
288
287
287
286
285
284
283
282
282
281
280
279
278
278
277
276
275
274
273
273
272
271
270
269
269
268
267
266
265
265
264
263
262
262
261
260
259
258
258
257
256
255
254
254
253
252
251
251
250
249
248
248
247
246
245
244
244
243
242
241
241
240
239
238
238
237
236
235
235
234
233
232
232
231
230
229
229
228
227
226
226
225
224
224
223
222
221
221
220
219
218
218
217
216
216
215
214
213
213
212
211
211
210
209
209
208
207
206
206
205
204
204
203
202
202
201
200
199
199
198
197
197
196
195
195
194
193
193
192
191
191
190
189
189
188
187
187
186
185
185
184
183
183
182
181
181
180
179
179
178
177
177
176
175
175
174
173
173
172
171
171
170
170
169
168
168
167
166
166
165
165
164
163
163
162
161
161
160
160
159
158
158
157
156
156
155
155
154
153
153
152
152
151
150
150
149
149
148
147
147
146
146
145
144
144
143
143
142
142
141
140
140
139
139
138
137
137
136
136
135
135
134
133
133
132
132
131
131
130
130
129
128
128
127
127
126
126
125
125
124
124
123
122
122
121
121
120
120
119
119
118
118
117
117
116
115
115
114
114
113
113
112
112
111
111
110
110
109
109
108
108
107
107
106
106
105
105
104
104
103
103
102
102
101
101
100
100
99
99
98
98
97
97
96
96
95
95
94
94
93
93
92
92
92
91
91
90
90
89
89
88
88
87
87
86
86
86
85
85
84
84
83
83
82
82
82
81
81
80
80
79
79
78
78
78
77
77
76
76
75
75
75
74
74
73
73
72
72
72
71
71
70
70
70
69
69
68
68
68
67
67
66
66
66
65
65
64
64
64
63
63
62
62
62
61
61
60
60
60
59
59
59
58
58
57
57
57
56
56
56
55
55
54
54
54
53
53
53
52
52
52
51
51
51
50
50
50
49
49
48
48
48
47
47
47
46
46
46
45
45
45
44
44
44
43
43
43
42
42
42
42
41
41
41
40
40
40
39
39
39
38
38
38
38
37
37
37
36
36
36
35
35
35
35
34
34
34
33
33
33
33
32
32
32
31
31
31
31
30
30
30
30
29
29
29
28
28
28
28
27
27
27
27
26
26
26
26
25
25
25
25
24
24
24
24
23
23
23
23
22
22
22
22
22
21
21
21
21
20
20
20
20
20
19
19
19
19
18
18
18
18
18
17
17
17
17
17
16
16
16
16
16
15
15
15
15
15
14
14
14
14
14
13
13
13
13
13
13
12
12
12
12
12
12
11
11
11
11
11
11
10
10
10
10
10
10
9
9
9
9
9
9
9
8
8
8
8
8
8
8
7
7
7
7
7
7
7
6
6
6
6
6
6
6
6
5
5
5
5
5
5
5
5
5
4
4
4
4
4
4
4
4
4
3
3
3
3
3
3
3
3
3
3
3
2
2
2
2
2
2
2
2
2
2
2
2
2
1
1
1
1
1
1
1
1
1
1
1
1
1
1
1
1
1
0
0
0
0
0
0
0
0
0
0
0
0
0
0
0
0
0
0
0
0
0
0
0
0
0
0
0
0
0
0
0
0
0
0
0
0
0
0
0
0
0
0
0
0
0
0
0
0
0
0
0
0
0
0
0
0
0
0
0
0
0
0
0
0
0
0
0
0
0
0
0
0
0
0
0
0
0
0
0
0
0
1
1
1
1
1
1
1
1
1
1
1
1
1
1
1
1
1
2
2
2
2
2
2
2
2
2
2
2
2
2
3
3
3
3
3
3
3
3
3
3
3
4
4
4
4
4
4
4
4
4
4
5
5
5
5
5
5
5
5
5
6
6
6
6
6
6
6
6
7
7
7
7
7
7
7
8
8
8
8
8
8
8
9
9
9
9
9
9
9
10
10
10
10
10
10
11
11
11
11
11
11
12
12
12
12
12
12
13
13
13
13
13
14
14
14
14
14
14
15
15
15
15
15
16
16
16
16
16
17
17
17
17
17
18
18
18
18
19
19
19
19
19
20
20
20
20
21
21
21
21
21
22
22
22
22
23
23
23
23
24
24
24
24
24
25
25
25
25
26
26
26
26
27
27
27
28
28
28
28
29
29
29
29
30
30
30
30
31
31
31
32
32
32
32
33
33
33
34
34
34
34
35
35
35
36
36
36
36
37
37
37
38
38
38
39
39
39
39
40
40
40
41
41
41
42
42
42
43
43
43
44
44
44
45
45
45
46
46
46
47
47
47
48
48
48
49
49
49
50
50
50
51
51
51
52
52
52
53
53
54
54
54
55
55
55
56
56
56
57
57
58
58
58
59
59
59
60
60
61
61
61
62
62
63
63
63
64
64
65
65
65
66
66
67
67
67
68
68
69
69
69
70
70
71
71
71
72
72
73
73
74
74
74
75
75
76
76
76
77
77
78
78
79
79
80
80
80
81
81
82
82
83
83
84
84
84
85
85
86
86
87
87
88
88
89
89
89
90
90
91
91
92
92
93
93
94
94
95
95
96
96
97
97
98
98
98
99
99
100
100
101
101
102
102
103
103
104
104
105
105
106
106
107
107
108
108
109
109
110
111
111
112
112
113
113
114
114
115
115
116
116
117
117
118
118
119
119
120
121
121
122
122
123
123
124
124
125
125
126
127
127
128
128
129
129
130
130
131
132
132
133
133
134
134
135
135
136
137
137
138
138
139
140
140
141
141
142
142
143
144
144
145
145
146
147
147
148
148
149
150
150
151
151
152
153
153
154
154
155
156
156
157
157
158
159
159
160
160
161
162
162
163
164
164
165
165
166
167
167
168
169
169
170
171
171
172
172
173
174
174
175
176
176
177
178
178
179
180
180
181
182
182
183
184
184
185
186
186
187
188
188
189
190
190
191
192
192
193
194
194
195
196
196
197
198
198
199
200
200
201
202
203
203
204
205
205
206
207
207
208
209
210
210
211
212
212
213
214
215
215
216
217
217
218
219
220
220
221
222
222
223
224
225
225
226
227
228
228
229
230
231
231
232
233
234
234
235
236
237
237
238
239
240
240
241
242
243
243
244
245
246
246
247
248
249
249
250
251
252
253
253
254
255
256
256
257
258
259
260
260
261
262
263
263
264
265
266
267
267
268
269
270
271
271
272
273
274
275
275
276
277
278
279
280
280
281
282
283
284
284
285
286
287
288
289
289
290
291
292
293
294
294
295
296
297
298
299
299
300
301
302
303
304
305
305
306
307
308
309
310
310
311
312
313
314
315
316
317
317
318
319
320
321
322
323
323
324
325
326
327
328
329
330
331
331
332
333
334
335
336
337
338
339
339
340
341
342
343
344
345
346
347
348
348
349
350
351
352
353
354
355
356
357
358
358
359
360
361
362
363
364
365
366
367
368
369
370
371
371
372
373
374
375
376
377
378
379
380
381
382
383
384
385
386
387
388
388
389
390
391
392
393
394
395
396
397
398
399
400
401
402
403
404
405
406
407
408
409
410
411
412
413
414
415
416
417
418
419
420
421
422
423
424
425
426
427
428
429
430
431
432
433
434
435
436
437
438
439
440
441
442
443
444
445
446
447
448
449
450
451
452
453
454
455
456
457
458
459
460
461
462
463
465
466
467
468
469
470
471
472
473
474
475
476
477
478
479
480
481
482
483
485
486
487
488
489
490
491
492
493
494
495
496
497
498
500
501
502
503
504
505
506
507
508
509
510
512
513
514
515
516
517
518
519
520
521
523
524
525
526
527
528
529
530
531
532
534
535
536
537
538
539
540
541
543
544
545
546
547
548
549
550
552
553
554
555
556
557
558
560
561
562
563
564
565
566
568
569
570
571
572
573
575
576
577
578
579
580
581
583
584
585
586
587
588
590
591
592
593
594
595
597
598
599
600
601
603
604
605
606
607
609
610
611
612
613
614
616
617
618
619
620
622
623
624
625
626
628
629
630
631
633
634
635
636
637
639
640
641
642
643
645
646
647
648
650
651
652
653
654
656
657
658
659
661
662
663
664
666
667
668
669
671
672
673
674
676
677
678
679
681
682
683
684
686
687
688
689
691
692
693
694
696
697
698
700
701
702
703
705
706
707
708
710
711
712
714
715
716
717
719
720
721
723
724
725
726
728
729
730
732
733
734
736
737
738
739
741
742
743
745
746
747
749
750
751
753
754
755
756
758
759
760
762
763
764
766
767
768
770
771
772
774
775
776
778
779
780
782
783
784
786
787
788
790
791
793
794
795
797
798
799
801
802
803
805
806
807
809
810
811
813
814
816
817
818
820
821
822
824
825
827
828
829
831
832
833
835
836
838
839
840
842
843
845
846
847
849
850
851
853
854
856
857
858
860
861
863
864
866
867
868
870
871
873
874
875
877
878
880
881
882
884
885
887
888
890
891
892
894
895
897
898
900
901
902
904
905
907
908
910
911
912
914
915
917
918
920
921
923
924
926
927
928
930
931
933
934
936
937
939
940
942
943
944
946
947
949
950
952
953
955
956
958
959
961
962
964
965
967
968
970
971
972
974
975
977
978
980
981
983
984
986
987
989
990
992
993
995
996
998
999
1001
1002
1004
1005
1007
1008
1010
1011
1013
1014
1016
1018
1019
1021
1022
1024
1025
1027
1028
1030
1031
1033
1034
1036
1037
1039
1040
1042
1043
1045
1047
1048
1050
1051
1053
1054
1056
1057
1059
1060
1062
1063
1065
1067
1068
1070
1071
1073
1074
1076
1077
1079
1081
1082
1084
1085
1087
1088
1090
1092
1093
1095
1096
1098
1099
1101
1103
1104
1106
1107
1109
1110
1112
1114
1115
1117
1118
1120
1121
1123
1125
1126
1128
1129
1131
1133
1134
1136
1137
1139
1141
1142
1144
1145
1147
1149
1150
1152
1153
1155
1157
1158
1160
1161
1163
1165
1166
1168
1170
1171
1173
1174
1176
1178
1179
1181
1183
1184
1186
1187
1189
1191
1192
1194
1196
1197
1199
1201
1202
1204
1205
1207
1209
1210
1212
1214
1215
1217
1219
1220
1222
1224
1225
1227
1228
1230
1232
1233
1235
1237
1238
1240
1242
1243
1245
1247
1248
1250
1252
1253
1255
1257
1258
1260
1262
1263
1265
1267
1269
1270
1272
1274
1275
1277
1279
1280
1282
1284
1285
1287
1289
1290
1292
1294
1296
1297
1299
1301
1302
1304
1306
1307
1309
1311
1313
1314
1316
1318
1319
1321
1323
1324
1326
1328
1330
1331
1333
1335
1337
1338
1340
1342
1343
1345
1347
1349
1350
1352
1354
1355
1357
1359
1361
1362
1364
1366
1368
1369
1371
1373
1375
1376
1378
1380
1382
1383
1385
1387
1389
1390
1392
1394
1396
1397
1399
1401
1403
1404
1406
1408
1410
1411
1413
1415
1417
1418
1420
1422
1424
1426
1427
1429
1431
1433
1434
1436
1438
1440
1442
1443
1445
1447
1449
1450
1452
1454
1456
1458
1459
1461
1463
1465
1467
1468
1470
1472
1474
1476
1477
1479
1481
1483
1485
1486
1488
1490
1492
1494
1495
1497
1499
1501
1503
1504
1506
1508
1510
1512
1514
1515
1517
1519
1521
1523
1524
1526
1528
1530
1532
1534
1535
1537
1539
1541
1543
1545
1546
1548
1550
1552
1554
1556
1557
1559
1561
1563
1565
1567
1569
1570
1572
1574
1576
1578
1580
1582
1583
1585
1587
1589
1591
1593
1595
1596
1598
1600
1602
1604
1606
1608
1609
1611
1613
1615
1617
1619
1621
1623
1624
1626
1628
1630
1632
1634
1636
1638
1640
1641
1643
1645
1647
1649
1651
1653
1655
1657
1658
1660
1662
1664
1666
1668
1670
1672
1674
1676
1677
1679
1681
1683
1685
1687
1689
1691
1693
1695
1697
1698
1700
1702
1704
1706
1708
1710
1712
1714
1716
1718
1720
1722
1723
1725
1727
1729
1731
1733
1735
1737
1739
1741
1743
1745
1747
1749
1751
1752
1754
1756
1758
1760
1762
1764
1766
1768
1770
1772
1774
1776
1778
1780
1782
1784
1786
1788
1790
1791
1793
1795
1797
1799
1801
1803
1805
1807
1809
1811
1813
1815
1817
1819
1821
1823
1825
1827
1829
1831
1833
1835
1837
1839
1841
1843
1845
1847
1849
1851
1853
1855
1857
1859
1861
1863
1865
1867
1869
1871
1873
1875
1877
1879
1881
1883
1885
1887
1889
1891
1893
1895
1897
1899
1901
1903
1905
1907
1909
1911
1913
1915
1917
1919
1921
1923
1925
1927
1929
1931
1933
1935
1937
1939
1941
1943
1945
1947
1949
1951
1953
1955
1957
1960
1962
1964
1966
1968
1970
1972
1974
1976
1978
1980
1982
1984
1986
1988
1990
1992
1994
1996
1998
2000
2003
2005
2007
2009
2011
2013
2015
2017
2019
2021
2023
2025
2027
2029
2031
2034
2036
2038
2040
2042
2044
2046
2048
2050
2052
2054
2056
2058
2061
2063
2065
2067
2069
2071
2073
2075
2077
2079
2081
2084
2086
2088
2090
2092
2094
2096
2098
2100
2102
2104
2107
2109
2111
2113
2115
2117
2119
2121
2123
2126
2128
2130
2132
2134
2136
2138
2140
2142
2145
2147
2149
2151
2153
2155
2157
2159
2162
2164
2166
2168
2170
2172
2174
2177
2179
2181
2183
2185
2187
2189
2191
2194
2196
2198
2200
2202
2204
2206
2209
2211
2213
2215
2217
2219
2221
2224
2226
2228
2230
2232
2234
2237
2239
2241
2243
2245
2247
2250
2252
2254
2256
2258
2260
2263
2265
2267
2269
2271
2273
2276
2278
2280
2282
2284
2286
2289
2291
2293
2295
2297
2300
2302
2304
2306
2308
2310
2313
2315
2317
2319
2321
2324
2326
2328
2330
2332
2335
2337
2339
2341
2343
2346
2348
2350
2352
2354
2357
2359
2361
2363
2365
2368
2370
2372
2374
2376
2379
2381
2383
2385
2388
2390
2392
2394
2396
2399
2401
2403
2405
2407
2410
2412
2414
2416
2419
2421
2423
2425
2428
2430
2432
2434
2436
2439
2441
2443
2445
2448
2450
2452
2454
2457
2459
2461
2463
2466
2468
2470
2472
2475
2477
2479
2481
2484
2486
2488
2490
2493
2495
2497
2499
2502
2504
2506
2508
2511
2513
2515
2518
2520
2522
2524
2527
2529
2531
2533
2536
2538
2540
2543
2545
2547
2549
2552
2554
2556
2558
2561
2563
2565
2568
2570
2572
2574
2577
2579
2581
2584
2586
2588
2590
2593
2595
2597
2600
2602
2604
2607
2609
2611
2613
2616
2618
2620
2623
2625
2627
2630
2632
2634
2636
2639
2641
2643
2646
2648
2650
2653
2655
2657
2660
2662
2664
2667
2669
2671
2674
2676
2678
2681
2683
2685
2687
2690
2692
2694
2697
2699
2701
2704
2706
2708
2711
2713
2715
2718
2720
2722
2725
2727
2730
2732
2734
2737
2739
2741
2744
2746
2748
2751
2753
2755
2758
2760
2762
2765
2767
2769
2772
2774
2776
2779
2781
2784
2786
2788
2791
2793
2795
2798
2800
2802
2805
2807
2810
2812
2814
2817
2819
2821
2824
2826
2829
2831
2833
2836
2838
2840
2843
2845
2848
2850
2852
2855
2857
2859
2862
2864
2867
2869
2871
2874
2876
2879
2881
2883
2886
2888
2891
2893
2895
2898
2900
2903
2905
2907
2910
2912
2915
2917
2919
2922
2924
2927
2929
2931
2934
2936
2939
2941
2943
2946
2948
2951
2953
2956
2958
2960
2963
2965
2968
2970
2972
2975
2977
2980
2982
2985
2987
2989
2992
2994
2997
2999
3002
3004
3006
3009
3011
3014
3016
3019
3021
3023
3026
3028
3031
3033
3036
3038
3041
3043
3045
3048
3050
3053
3055
3058
3060
3063
3065
3067
3070
3072
3075
3077
3080
3082
3085
3087
3090
3092
3094
3097
3099
3102
3104
3107
3109
3112
3114
3117
3119
3122
3124
3127
3129
3131
3134
3136
3139
3141
3144
3146
3149
3151
3154
3156
3159
3161
3164
3166
3169
3171
3174
3176
3179
3181
3184
3186
3188
3191
3193
3196
3198
3201
3203
3206
3208
3211
3213
3216
3218
3221
3223
3226
3228
3231
3233
3236
3238
3241
3243
3246
3248
3251
3253
3256
3258
3261
3263
3266
3268
3271
3274
3276
3279
3281
3284
3286
3289
3291
3294
3296
3299
3301
3304
3306
3309
3311
3314
3316
3319
3321
3324
3326
3329
3331
3334
3337
3339
3342
3344
3347
3349
3352
3354
3357
3359
3362
3364
3367
3370
3372
3375
3377
3380
3382
3385
3387
3390
3392
3395
3397
3400
3403
3405
3408
3410
3413
3415
3418
3420
3423
3426
3428
3431
3433
3436
3438
3441
3443
3446
3449
3451
3454
3456
3459
3461
3464
3467
3469
3472
3474
3477
3479
3482
3485
3487
3490
3492
3495
3497
3500
3503
3505
3508
3510
3513
3515
3518
3521
3523
3526
3528
3531
3533
3536
3539
3541
3544
3546
3549
3552
3554
3557
3559
3562
3565
3567
3570
3572
3575
3578
3580
3583
3585
3588
3591
3593
3596
3598
3601
3604
3606
3609
3611
3614
3617
3619
3622
3624
3627
3630
3632
3635
3637
3640
3643
3645
3648
3650
3653
3656
3658
3661
3664
3666
3669
3671
3674
3677
3679
3682
3685
3687
3690
3692
3695
3698
3700
3703
3706
3708
3711
3713
3716
3719
3721
3724
3727
3729
3732
3734
3737
3740
3742
3745
3748
3750
3753
3756
3758
3761
3764
3766
3769
3771
3774
3777
3779
3782
3785
3787
3790
3793
3795
3798
3801
3803
3806
3809
3811
3814
3817
3819
3822
3824
3827
3830
3832
3835
3838
3840
3843
3846
3848
3851
3854
3856
3859
3862
3864
3867
3870
3872
3875
3878
3880
3883
3886
3888
3891
3894
3897
3899
3902
3905
3907
3910
3913
3915
3918
3921
3923
3926
3929
3931
3934
3937
3939
3942
3945
3947
3950
3953
3956
3958
3961
3964
3966
3969
3972
3974
3977
3980
3982
3985
3988
3991
3993
3996
3999
4001
4004
4007
4009
4012
4015
4018
4020
4023
4026
4028
4031
4034
4036
4039
4042
4045
4047
4050
4053
4055
4058
4061
4064
4066
4069
4072
4074
4077
4080
4083
4085
4088
4091
4093
4096
4099
4102
4104
4107
4110
4113
4115
4118
4121
4123
4126
4129
4132
4134
4137
4140
4143
4145
4148
4151
4153
4156
4159
4162
4164
4167
4170
4173
4175
4178
4181
4184
4186
4189
4192
4195
4197
4200
4203
4205
4208
4211
4214
4216
4219
4222
4225
4227
4230
4233
4236
4238
4241
4244
4247
4249
4252
4255
4258
4261
4263
4266
4269
4272
4274
4277
4280
4283
4285
4288
4291
4294
4296
4299
4302
4305
4307
4310
4313
4316
4319
4321
4324
4327
4330
4332
4335
4338
4341
4343
4346
4349
4352
4355
4357
4360
4363
4366
4368
4371
4374
4377
4380
4382
4385
4388
4391
4393
4396
4399
4402
4405
4407
4410
4413
4416
4419
4421
4424
4427
4430
4433
4435
4438
4441
4444
4446
4449
4452
4455
4458
4460
4463
4466
4469
4472
4474
4477
4480
4483
4486
4488
4491
4494
4497
4500
4502
4505
4508
4511
4514
4516
4519
4522
4525
4528
4531
4533
4536
4539
4542
4545
4547
4550
4553
4556
4559
4561
4564
4567
4570
4573
4576
4578
4581
4584
4587
4590
4593
4595
4598
4601
4604
4607
4609
4612
4615
4618
4621
4624
4626
4629
4632
4635
4638
4641
4643
4646
4649
4652
4655
4658
4660
4663
4666
4669
4672
4675
4677
4680
4683
4686
4689
4692
4694
4697
4700
4703
4706
4709
4712
4714
4717
4720
4723
4726
4729
4731
4734
4737
4740
4743
4746
4749
4751
4754
4757
4760
4763
4766
4768
4771
4774
4777
4780
4783
4786
4788
4791
4794
4797
4800
4803
4806
4809
4811
4814
4817
4820
4823
4826
4829
4831
4834
4837
4840
4843
4846
4849
4851
4854
4857
4860
4863
4866
4869
4872
4874
4877
4880
4883
4886
4889
4892
4895
4897
4900
4903
4906
4909
4912
4915
4918
4920
4923
4926
4929
4932
4935
4938
4941
4944
4946
4949
4952
4955
4958
4961
4964
4967
4970
4972
4975
4978
4981
4984
4987
4990
4993
4996
4998
5001
5004
5007
5010
5013
5016
5019
5022
5024
5027
5030
5033
5036
5039
5042
5045
5048
5051
5053
5056
5059
5062
5065
5068
5071
5074
5077
5080
5083
5085
5088
5091
5094
5097
5100
5103
5106
5109
5112
5115
5117
5120
5123
5126
5129
5132
5135
5138
5141
5144
5147
5149
5152
5155
5158
5161
5164
5167
5170
5173
5176
5179
5182
5185
5187
5190
5193
5196
5199
5202
5205
5208
5211
5214
5217
5220
5223
5225
5228
5231
5234
5237
5240
5243
5246
5249
5252
5255
5258
5261
5264
5267
5269
5272
5275
5278
5281
5284
5287
5290
5293
5296
5299
5302
5305
5308
5311
5314
5316
5319
5322
5325
5328
5331
5334
5337
5340
5343
5346
5349
5352
5355
5358
5361
5364
5367
5370
5372
5375
5378
5381
5384
5387
5390
5393
5396
5399
5402
5405
5408
5411
5414
5417
5420
5423
5426
5429
5432
5434
5437
5440
5443
5446
5449
5452
5455
5458
5461
5464
5467
5470
5473
5476
5479
5482
5485
5488
5491
5494
5497
5500
5503
5506
5509
5512
5515
5517
5520
5523
5526
5529
5532
5535
5538
5541
5544
5547
5550
5553
5556
5559
5562
5565
5568
5571
5574
5577
5580
5583
5586
5589
5592
5595
5598
5601
5604
5607
5610
5613
5616
5619
5622
5625
5628
5631
5634
5637
5640
5643
5646
5649
5652
5655
5657
5660
5663
5666
5669
5672
5675
5678
5681
5684
5687
5690
5693
5696
5699
5702
5705
5708
5711
5714
5717
5720
5723
5726
5729
5732
5735
5738
5741
5744
5747
5750
5753
5756
5759
5762
5765
5768
5771
5774
5777
5780
5783
5786
5789
5792
5795
5798
5801
5804
5807
5810
5813
5816
5819
5822
5825
5828
5831
5834
5837
5840
5843
5846
5849
5852
5855
5858
5861
5865
5868
5871
5874
5877
5880
5883
5886
5889
5892
5895
5898
5901
5904
5907
5910
5913
5916
5919
5922
5925
5928
5931
5934
5937
5940
5943
5946
5949
5952
5955
5958
5961
5964
5967
5970
5973
5976
5979
5982
5985
5988
5991
5994
5997
6000
6003
6006
6009
6013
6016
6019
6022
6025
6028
6031
6034
6037
6040
6043
6046
6049
6052
6055
6058
6061
6064
6067
6070
6073
6076
6079
6082
6085
6088
6091
6094
6097
6100
6104
6107
6110
6113
6116
6119
6122
6125
6128
6131
6134
6137
6140
6143
6146
6149
6152
6155
6158
6161
6164
6167
6170
6173
6177
6180
6183
6186
6189
6192
6195
6198
6201
6204
6207
6210
6213
6216
6219
6222
6225
6228
6231
6234
6237
6241
6244
6247
6250
6253
6256
6259
6262
6265
6268
6271
6274
6277
6280
6283
6286
6289
6292
6296
6299
6302
6305
6308
6311
6314
6317
6320
6323
6326
6329
6332
6335
6338
6341
6344
6348
6351
6354
6357
6360
6363
6366
6369
6372
6375
6378
6381
6384
6387
6390
6393
6397
6400
6403
6406
6409
6412
6415
6418
6421
6424
6427
6430
6433
6436
6439
6443
6446
6449
6452
6455
6458
6461
6464
6467
6470
6473
6476
6479
6482
6486
6489
6492
6495
6498
6501
6504
6507
6510
6513
6516
6519
6522
6525
6529
6532
6535
6538
6541
6544
6547
6550
6553
6556
6559
6562
6566
6569
6572
6575
6578
6581
6584
6587
6590
6593
6596
6599
6602
6606
6609
6612
6615
6618
6621
6624
6627
6630
6633
6636
6639
6643
6646
6649
6652
6655
6658
6661
6664
6667
6670
6673
6677
6680
6683
6686
6689
6692
6695
6698
6701
6704
6707
6710
6714
6717
6720
6723
6726
6729
6732
6735
6738
6741
6744
6748
6751
6754
6757
6760
6763
6766
6769
6772
6775
6779
6782
6785
6788
6791
6794
6797
6800
6803
6806
6809
6813
6816
6819
6822
6825
6828
6831
6834
6837
6840
6844
6847
6850
6853
6856
6859
6862
6865
6868
6871
6875
6878
6881
6884
6887
6890
6893
6896
6899
6902
6906
6909
6912
6915
6918
6921
6924
6927
6930
6934
6937
6940
6943
6946
6949
6952
6955
6958
6961
6965
6968
6971
6974
6977
6980
6983
6986
6989
6993
6996
6999
7002
7005
7008
7011
7014
7017
7020
7024
7027
7030
7033
7036
7039
7042
7045
7048
7052
7055
7058
7061
7064
7067
7070
7073
7076
7080
7083
7086
7089
7092
7095
7098
7101
7105
7108
7111
7114
7117
7120
7123
7126
7129
7133
7136
7139
7142
7145
7148
7151
7154
7157
7161
7164
7167
7170
7173
7176
7179
7182
7186
7189
7192
7195
7198
7201
7204
7207
7210
7214
7217
7220
7223
7226
7229
7232
7235
7239
7242
7245
7248
7251
7254
7257
7260
7264
7267
7270
7273
7276
7279
7282
7285
7289
7292
7295
7298
7301
7304
7307
7310
7313
7317
7320
7323
7326
7329
7332
7335
7338
7342
7345
7348
7351
7354
7357
7360
7363
7367
7370
7373
7376
7379
7382
7385
7388
7392
7395
7398
7401
7404
7407
7410
7414
7417
7420
7423
7426
7429
7432
7435
7439
7442
7445
7448
7451
7454
7457
7460
7464
7467
7470
7473
7476
7479
7482
7485
7489
7492
7495
7498
7501
7504
7507
7511
7514
7517
7520
7523
7526
7529
7532
7536
7539
7542
7545
7548
7551
7554
7557
7561
7564
7567
7570
7573
7576
7579
7583
7586
7589
7592
7595
7598
7601
7604
7608
7611
7614
7617
7620
7623
7626
7630
7633
7636
7639
7642
7645
7648
7652
7655
7658
7661
7664
7667
7670
7673
7677
7680
7683
7686
7689
7692
7695
7699
7702
7705
7708
7711
7714
7717
7720
7724
7727
7730
7733
7736
7739
7742
7746
7749
7752
7755
7758
7761
7764
7768
7771
7774
7777
7780
7783
7786
7790
7793
7796
7799
7802
7805
7808
7811
7815
7818
7821
7824
7827
7830
7833
7837
7840
7843
7846
7849
7852
7855
7859
7862
7865
7868
7871
7874
7877
7881
7884
7887
7890
7893
7896
7899
7903
7906
7909
7912
7915
7918
7921
7924
7928
7931
7934
7937
7940
7943
7946
7950
7953
7956
7959
7962
7965
7968
7972
7975
7978
7981
7984
7987
7990
7994
7997
8000
8003
8006
8009
8012
8016
8019
8022
8025
8028
8031
8034
8038
8041
8044
8047
8050
8053
8056
8060
8063
8066
8069
8072
8075
8078
8082
8085
8088
8091
8094
8097
8100
8104
8107
8110
8113
8116
8119
8122
8126
8129
8132
8135
8138
8141
8144
8148
8151
8154
8157
8160
8163
8166
8170
8173
8176
8179
8182
8185
8188
8191
